503.168 741.687 0
507.416 741.589 0
512.13 741.85 0
517.932 742.527 0
523.769 743.388 0
527.822 743.967 0
531.716 744.421 0
536.155 744.724 0
539.48 744.737 0
543.98 744.376 0
547.539 743.729 0
551.55 742.661 0
555.413 741.367 0
558.512 740.192 0
561.055 739.166 0
563.673 738.076 0
565.867 737.151 0
570.199 735.354 0
574.131 733.829 0
576.808 732.888 0
577.567 732.64 0
581.683 731.469 0
586.757 730.53 0
591.4 730.188 0
596.211 730.186 0
600.506 730.327 0
605.217 730.464 0
609.443 730.433 0
614.099 730.169 0
618.435 729.695 0
622.393 729.06 0
626.221 728.253 0
629.813 727.323 0
631.348 726.883 0
634.187 726.021 0
639.422 724.344 0
643.432 723.069 0
647.303 721.924 0
651.56 720.819 0
654.994 720.026 0
658.32 719.313 0
662.309 718.491 0
667.753 717.352 0
672.669 716.231 0
675.988 715.421 0
679.357 714.559 0
682.157 713.815 0
685.641 712.861 0
689.625 711.736 0
693.481 710.632 0
697.631 709.474 0
699.423 708.997 0
705.447 707.571 0
709.116 706.889 0
714.324 706.23 0
719.568 705.914 0
724.345 705.893 0
727.701 706.014 0
732.262 706.333 0
737.939 706.916 0
744.663 707.722 0
749.947 708.326 0
755.807 708.854 0
760.958 709.181 0
766.091 709.388 0
771.835 709.489 0
777.96 709.466 0
783.922 709.361 0
788.064 709.269 0
794.118 709.145 0
800.469 709.062 0
806.542 709.041 0
811.876 709.077 0
818.236 709.198 0
824.84 709.435 0
831.066 709.785 0
837.542 710.304 0
844.2 711.034 0
851.517 712.107 0
858.285 713.388 0
865.65 715.064 0
872.945 716.928 0
880.187 718.894 0
886.889 720.749 0
894.667 722.863 0
901.772 724.698 0
909.343 726.572 0
917.245 728.495 0
924.424 730.241 0
931.536 731.955 0
937.644 733.398 0
945.926 735.3 0
954.311 737.195 0
961.879 738.907 0
969.736 740.733 0
977.305 742.587 0
985.574 744.759 0
993.063 746.829 0
1000.34 748.891 0
1007.95 751.072 0
1016.28 753.502 0
1023.74 755.736 0
1030.98 757.959 0
1039 760.498 0
1047.12 763.132 0
1055.77 765.947 0
1063.36 768.346 0
1071.72 770.885 0
1079.56 773.208 0
1087.13 775.44 0
1095.71 778.041 0
1104.3 780.825 0
1113.11 783.912 0
1121.72 787.067 0
1130.52 790.337 0
1138.77 793.401 0
1146.61 796.284 0
1154.96 799.308 0
1163.84 802.477 0
1171.81 805.269 0
1180.86 808.29 0
1189.43 810.913 0
1197.49 813.186 0
1205.47 815.347 0
1214.64 817.803 0
1223.12 820.044 0
1231.11 822.099 0
1239.77 824.222 0
1248.34 826.166 0
1256.12 827.763 0
1264.13 829.254 0
1272.7 830.699 0
1280.74 831.934 0
1288.39 833.022 0
1296.49 834.094 0
1304.65 835.091 0
1312.39 835.955 0
1320.53 836.784 0
1328.49 837.534 0
1336.32 838.229 0
1344.28 838.91 0
1351.87 839.552 0
1359.88 840.233 0
1367.98 840.931 0
1375.46 841.588 0
1383.38 842.26 0
1391.14 842.835 0
1399.05 843.282 0
1406.88 843.549 0
1413.91 843.614 0
1421.29 843.524 0
1428.93 843.351 0
1436.59 843.196 0
1443.67 843.106 0
1451.73 843.062 0
1458.59 843.064 0
1466.02 843.085 0
1473.86 843.091 0
1481.21 843.069 0
1487.74 843.074 0
1494.92 843.17 0
1502.09 843.405 0
1508.97 843.749 0
1516.25 844.216 0
1523.15 844.709 0
1529.98 845.145 0
1536.14 845.409 0
1543.25 845.493 0
1549.88 845.386 0
1556.51 845.139 0
1562.55 844.828 0
1569.7 844.419 0
1575.77 844.092 0
1581.99 843.82 0
1588.34 843.583 0
1594.66 843.336 0
1601.27 843.011 0
1606.85 842.652 0
1613.2 842.124 0
1618.6 841.555 0
1624.74 840.786 0
1630.07 840.098 0
1635.78 839.445 0
1641.75 838.962 0
1647.93 838.698 0
1653.83 838.591 0
1659 838.555 0
1664.59 838.517 0
1670 838.436 0
1676.18 838.238 0
1681.5 837.934 0
1686.77 837.48 0
1692.44 836.811 0
1697.87 835.984 0
1703.62 834.901 0
1708.68 833.775 0
1713.72 832.505 0
1718.27 831.246 0
1723.84 829.575 0
1729.23 827.883 0
1734.53 826.259 0
1739.72 824.803 0
1744.88 823.591 0
1750.01 822.625 0
1755.13 821.839 0
1760.72 821.112 0
1765.66 820.522 0
1770.64 819.942 0
1775.64 819.358 0
1780.65 818.752 0
1785.68 818.108 0
1790.72 817.427 0
1795.29 816.798 0
1800.48 816.09 0
1805.64 815.416 0
1810.8 814.793 0
1816.44 814.178 0
1821.44 813.703 0
1826.46 813.3 0
1831.5 812.963 0
1836.56 812.668 0
1842.16 812.356 0
1847.1 812.065 0
1852.13 811.735 0
1857.14 811.369 0
1862.18 810.959 0
1867.33 810.494 0
1872.48 809.998 0
1877.14 809.559 0
1881.82 809.164 0
1886.74 808.837 0
1892.21 808.613 0
1897.1 808.521 0
1902.06 808.51 0
1907.01 808.557 0
1911.94 808.641 0
1917 808.745 0
1922.09 808.851 0
1927.27 808.941 0
1931.95 808.996 0
1936.6 809.048 0
1941.56 809.14 0
1946.57 809.311 0
1952.03 809.631 0
1956.82 810.018 0
1961.71 810.474 0
1967.17 811.009 0
1972.64 811.521 0
1977.93 811.952 0
1983.19 812.289 0
1987.82 812.487 0
1993.19 812.577 0
1998.14 812.54 0
2003.64 812.406 0
2009.05 812.224 0
2013.78 812.057 0
2019.13 811.884 0
2024.07 811.747 0
2028.58 811.649 0
2033.77 811.579 0
2038.95 811.537 0
2044 811.488 0
2048.74 811.401 0
2053.6 811.24 0
2058.06 811.002 0
2063.21 810.594 0
2068.38 810.017 0
2073.21 809.297 0
2078.15 808.384 0
2083 807.368 0
2088.45 806.166 0
2093.17 805.138 0
2098.38 804.077 0
2102.93 803.204 0
2107.17 802.419 0
2111.18 801.688 0
2115.21 800.955 0
2119.07 800.237 0
2122.32 799.611 0
2126.61 798.731 0
2131.36 797.663 0
2136.94 796.237 0
2141.95 794.802 0
2147.23 793.169 0
2152.22 791.557 0
2156.79 790.053 0
2161.78 788.399 0
2166.86 786.681 0
2171.5 785.065 0
2176.04 783.427 0
2180.3 781.832 0
2184.34 780.262 0
2189.41 778.223 0
2194.8 775.975 0
2199.22 774.071 0
2203.85 772.02 0
2208.42 769.945 0
2212.71 767.955 0
2216.78 766.022 0
2221.72 763.641 0
2226.27 761.411 0
2230.8 759.178 0
2235.84 756.695 0
2240.73 754.298 0
2245.01 752.231 0
2250.4 749.683 0
2255.03 747.561 0
2259.13 745.751 0
2263.88 743.725 0
2268.32 741.863 0
2272.53 740.083 0
2276.58 738.325 0
2280.51 736.543 0
2284.91 734.453 0
2289.68 732.136 0
2295.49 729.329 0
2300.19 727.144 0
2304.6 725.204 0
2309.11 723.336 0
2313.6 721.575 0
2319.24 719.508 0
2324.33 717.757 0
2328.3 716.474 0
2332.49 715.192 0
2337.08 713.883 0
2341.42 712.735 0
2344.73 711.921 0
2349.32 710.884 0
2354.73 709.809 0
2359.67 708.973 0
2363.94 708.371 0
2368.73 707.808 0
2373.42 707.33 0
2377.49 706.942 0
2382.87 706.417 0
2388.68 705.8 0
2393.56 705.269 0
2399.38 704.67 0
2404.79 704.187 0
2410.28 703.802 0
2415.66 703.528 0
2421.28 703.356 0
2426.39 703.299 0
2431.28 703.299 0
2436.22 703.292 0
2440.83 703.222 0
2445.73 703.024 0
2450.85 702.671 0
2456.51 702.194 0
2462.18 701.732 0
2468.26 701.379 0
2473.84 701.267 0
2479.05 701.397 0
2483.86 701.757 0
2489.03 702.438 0
2494.75 703.535 0
2500.47 704.936 0
2505.23 706.297 0
2509.4 707.61 0
2513.02 708.826 0
2517.72 710.489 0
2523.65 712.678 0
2529.07 714.734 0
2535.09 717.057 0
2540.15 719.051 0
2544.92 720.987 0
2549.83 723.044 0
2554.06 724.875 0
2558.75 726.981 0
2563.16 729.042 0
2568.42 731.616 0
2573.86 734.43 0
2579.41 737.534 0
2584 740.319 0
2588.39 743.224 0
2592.71 746.327 0
2596.85 749.486 0
2599.92 751.931 0
2604.18 755.41 0
2608.33 758.848 0
2612.9 762.652 0
2616.79 765.883 0
2620.14 768.647 0
2625.1 772.718 0
2629.73 776.485 0
2634.11 780.018 0
2637.89 783.039 0
2642.11 786.412 0
2646.15 789.642 0
2650.13 792.837 0
2654.49 796.376 0
2658.7 799.821 0
2663.22 803.587 0
2666.51 806.366 0
2670.39 809.694 0
2674.19 813.013 0
2677.93 816.342 0
2680.63 818.794 0
2684.55 822.422 0
2688.38 826.059 0
2693.61 831.186 0
2696.88 834.494 0
2700.22 837.914 0
2703.59 841.413 0
2706.5 844.445 0
2710.05 848.152 0
2713.07 851.298 0
2716.2 854.531 0
2719.9 858.299 0
2724.51 862.88 0
2728.29 866.515 0
2731.46 869.455 0
2734.68 872.34 0
2737.44 874.718 0
2741.34 877.953 0
2745.59 881.331 0
2750.09 884.78 0
2753.75 887.518 0
2756.84 889.78 0
2760.96 892.751 0
2763.82 894.762 0
2767.31 897.169 0
2770.74 899.465 0
2774.62 901.982 0
2778.81 904.58 0
2783.22 907.163 0
2787.29 909.399 0
2791.69 911.618 0
2794.67 913.003 0
2798.75 914.718 0
2803.62 916.526 0
2807.5 917.803 0
2811.65 919.032 0
2816.58 920.339 0
2821.13 921.434 0
2826.84 922.721 0
2831.73 923.805 0
2836.12 924.811 0
2840.16 925.787 0
2843.46 926.604 0
2848.24 927.776 0
2853.11 928.888 0
2858.02 929.864 0
2862.97 930.651 0
2866.93 931.148 0
2872.21 931.654 0
2877.43 932.004 0
2882.05 932.209 0
2886.31 932.301 0
2891.26 932.273 0
2896.24 932.077 0
2902.38 931.57 0
2908.24 930.824 0
2913.4 929.982 0
2918.54 928.997 0
2924.36 927.733 0
2929.98 926.374 0
2935.46 924.927 0
2941.43 923.22 0
2947.76 921.269 0
2954.99 918.877 0
2961.16 916.693 0
2968.15 914.071 0
2975.88 910.992 0
2981.95 908.454 0
2988.88 905.449 0
2997.25 901.822 0
3003.17 898.841 0
3011.91 895.823 0
3023.86 892.038 0
3025.09 891.656 0
3031.07 889.81 0
3040.42 886.868 0
3049.19 883.92 0
3057.15 880.966 0
3060.54 879.617 0
3066.71 877.023 0
3072.72 874.326 0
3078.61 871.551 0
3081.12 870.34 0
3086.27 867.832 0
3094.86 863.551 0
3102.3 859.606 0
3134.23 832.23 0
3157.21 812.268 0
3175.08 796.793 0
3187.5 785.522 0
3197.64 775.454 0
3206.57 766.254 0
3214.54 757.672 0
3220.73 750.485 0
3227.36 742.386 0
3231.3 737.473 0
3234.75 732.955 0
3238.25 727.747 0
3240.77 723.003 0
3242.13 719.574 0
3243.16 716.123 0
3243.72 713.639 0
3244.28 709.886 0
3244.44 708.17 0
3244.57 705.963 0
3244.64 703.393 0
3244.63 699.553 0
3244.58 695.779 0
3244.57 693.06 0
3244.59 691.11 0
3244.63 687.699 0
3244.55 682.179 0
3244.22 678.187 0
3243.78 675.31 0
3243.13 672.217 0
3242.62 669.995 0
3241.77 666.337 0
3240.75 660.562 0
3240.36 655.33 0
3240.17 650.49 0
3239.84 645.932 0
3239.17 641.576 0
3238.06 637.363 0
3237.38 635.404 0
3235.81 631.861 0
3234.42 629.316 0
3233.28 627.498 0
3231.7 625.128 0
3230.54 623.439 0
3229.02 621.158 0
3226.23 616.245 0
3224.64 610.485 0
3224.16 604.086 0
3223.12 599.461 0
3219.55 593.875 0
3215.66 589.844 0
3212.6 586.946 0
3210.44 584.876 0
3207.9 582.275 0
3205.4 579.282 0
3201.64 573.693 0
3199.2 569.661 0
3196.56 565.607 0
3194.41 562.694 0
3190.99 558.279 0
3188.69 555.105 0
3186.03 550.48 0
3184.59 545.967 0
3183.97 541.532 0
3183 533.529 0
3181.26 527.74 0
3179.17 522.35 0
3177.71 518.47 0
3176.14 513.238 0
3174.52 505.756 0
3173.32 499.1 0
3171.98 493.044 0
3170.07 487.418 0
3167.38 482.103 0
3165.01 478.283 0
3161.48 472.998 0
3159 469.204 0
3155.76 463.916 0
3152.68 458.82 0
3150.36 455.163 0
3146.76 449.943 0
3142.89 444.881 0
3138.77 439.928 0
3135.61 436.373 0
3133.29 433.845 0
3129.19 429.399 0
3124.02 423.532 0
3120.65 419.315 0
3118.36 416.301 0
3113.48 410.095 0
3109.42 405.631 0
3104.71 401.068 0
3101.37 397.804 0
3096.91 392.723 0
3093.69 386.294 0
3091.99 381.67 0
3088.9 376.955 0
3084.91 373.583 0
3075.56 368.362 0
3070.68 366.038 0
3070.22 365.824 0
3066.96 364.32 0
3058.78 360.449 0
3053.53 357.686 0
3047.98 354.307 0
3042.42 350.475 0
3038.63 347.746 0
3035.91 345.816 0
3029.41 341.584 0
3021.61 337.102 0
3015.83 333.898 0
3014.38 333.088 0
3008.45 329.647 0
3002.45 325.726 0
2997.8 321.692 0
2992.18 318.278 0
2984.57 314.037 0
2980.63 312.064 0
2974.05 309.123 0
2967.94 306.732 0
2959.31 303.789 0
2953.21 301.922 0
2947.09 300.154 0
2940.63 298.328 0
2933.93 296.443 0
2925.56 294.088 0
2919.78 292.453 0
2913.57 290.685 0
2905.69 288.416 0
2899.44 286.603 0
2893.69 284.967 0
2886.82 283.11 0
2878.35 281.057 0
2870.28 279.456 0
2862.41 278.293 0
2855.46 277.52 0
2847.62 276.807 0
2838.57 276.014 0
2829.98 275.105 0
2822.49 274.118 0
2815.78 273.141 0
2808.23 272.015 0
2799.31 270.769 0
2790.88 269.787 0
2783.47 269.059 0
2775.37 268.243 0
2766.79 267.165 0
2757.23 265.445 0
2748.27 263.198 0
2739.77 260.727 0
2731.6 258.319 0
2724.34 256.367 0
2717.05 254.773 0
2708.38 253.448 0
2697.38 252.535 0
2687.36 252.299 0
2676.71 252.498 0
2664.97 252.942 0
2654.4 253.192 0
2644.71 253.01 0
2635.62 252.336 0
2625.65 251.205 0
2615.74 249.918 0
2605.17 248.654 0
2595.42 247.773 0
2586.33 247.245 0
2577.16 247.03 0
2566.47 247.218 0
2555.36 247.792 0
2543.94 248.42 0
2532.99 248.69 0
2519.65 248.192 0
2507.82 247.003 0
2497.09 245.387 0
2487.3 243.557 0
2476.85 241.574 0
2465.73 239.946 0
2454.31 239.365 0
2442.39 240.136 0
2432.23 241.56 0
2418.79 243.954 0
2404.82 246.261 0
2392.7 247.302 0
2381.03 246.764 0
2368.98 244.492 0
2357.74 241.719 0
2345.56 239.168 0
2333.67 238.055 0
2321.71 238.397 0
2308.28 240.401 0
2294.86 243.682 0
2281.47 246.736 0
2268.14 247.847 0
2255.85 246.468 0
2243.63 243.714 0
2231.44 240.664 0
2219.29 238.188 0
2206.48 236.684 0
2193.88 236.738 0
2179.9 238.488 0
2165.81 240.567 0
2152.57 241.313 0
2139.94 240.532 0
2127.31 238.853 0
2113.94 236.749 0
2101.62 234.952 0
2089.61 233.613 0
2076.94 232.911 0
2062.91 232.792 0
2049.93 232.732 0
2036.94 232.217 0
2023.06 231.155 0
2009.54 229.87 0
1997.12 228.706 0
1984.31 227.777 0
1971.07 227.388 0
1958.06 227.723 0
1944.69 228.511 0
1931.61 229.332 0
1918.98 229.892 0
1904.55 230.103 0
1891.49 229.79 0
1878.16 229.063 0
1863.89 228.192 0
1850.95 227.64 0
1836.94 227.447 0
1824.2 227.654 0
1811.09 228.236 0
1797.64 229.046 0
1784.65 229.806 0
1770.66 230.375 0
1756.62 230.562 0
1743.18 230.292 0
1730.19 229.703 0
1716.88 229.142 0
1703.39 229.028 0
1690.98 229.455 0
1677.52 230.369 0
1663.21 231.681 0
1649.07 232.984 0
1635.6 233.827 0
1621.74 233.991 0
1607.95 233.627 0
1594.08 233.042 0
1580.68 232.521 0
1567.09 232.218 0
1554.2 232.288 0
1541.01 232.704 0
1526.94 233.309 0
1513.55 233.826 0
1499.13 234.209 0
1487.23 234.363 0
1473.9 234.372 0
1460.82 234.426 0
1447.74 234.813 0
1435.09 235.672 0
1422.35 236.814 0
1408.65 238.024 0
1395.56 238.889 0
1382.62 239.328 0
1370.38 239.262 0
1357.4 238.774 0
1344.18 238.357 0
1331.44 238.575 0
1319.05 239.575 0
1306.3 241.159 0
1294.57 242.856 0
1282.3 244.557 0
1269.63 245.797 0
1256.67 246.047 0
1242.73 245.202 0
1229.87 244.213 0
1217.02 243.836 0
1205.63 244.269 0
1194.03 245.323 0
1181.86 246.935 0
1169.72 248.749 0
1157.18 250.286 0
1144.53 250.897 0
1131.62 250.36 0
1117.55 249 0
1104.07 247.549 0
1091.83 246.491 0
1079.85 245.921 0
1066.91 246.053 0
1055.46 246.794 0
1043.43 247.982 0
1030.33 249.478 0
1018.3 250.742 0
1005.3 251.603 0
992.797 251.585 0
980.648 250.891 0
967.601 250.033 0
955.584 249.715 0
943.201 250.146 0
932.382 251.149 0
920.809 252.848 0
909.34 254.93 0
897.986 256.78 0
886.695 257.786 0
873.557 257.435 0
859.025 255.992 0
846.046 254.813 0
834.238 254.419 0
822.621 254.735 0
811.829 255.669 0
801.654 257.061 0
789.919 258.862 0
778.445 260.3 0
767.095 260.922 0
755.114 260.78 0
742.655 260.249 0
730.687 259.845 0
718.975 259.844 0
706.063 260.472 0
695.816 261.559 0
686.763 262.891 0
675.948 264.599 0
663.691 266.188 0
652.576 266.904 0
639.909 266.991 0
627.885 266.685 0
616.778 266.346 0
606.966 266.169 0
596.225 266.26 0
585.433 266.809 0
573.981 267.959 0
563.524 269.363 0
552.329 271.043 0
543.56 272.352 0
533.37 273.675 0
521.505 274.65 0
509.909 274.678 0
499.131 273.771 0
486.806 271.981 0
474.578 269.841 0
463.33 267.995 0
453.106 266.929 0
441.772 267.017 0
432.122 268.575 0
423.09 271.117 0
415.136 273.81 0
408.918 275.973 0
402.088 278.186 0
392.629 280.635 0
384.393 282.153 0
374.149 283.351 0
363.143 283.93 0
352.812 283.949 0
346.178 283.762 0
338.055 283.387 0
329.833 282.909 0
318.289 282.215 0
305.718 281.682 0
295.887 281.639 0
286.838 282.039 0
278.555 282.801 0
270.832 283.684 0
263.948 284.465 0
254.54 285.285 0
246.438 285.55 0
239.904 285.425 0
230.72 284.838 0
221.724 283.922 0
211.169 282.602 0
202.26 281.459 0