504.463 712.221 0
506.612 712.165 0
508.144 712.137 0
513.437 712.107 0
517.261 712.14 0
524.193 712.291 0
529.235 712.459 0
532.874 712.602 0
539.635 712.903 0
548.641 713.367 0
555.17 713.742 0
559.889 714.041 0
563.289 714.277 0
565.726 714.46 0
571.564 714.954 0
575.78 715.368 0
582.86 716.162 0
588.002 716.802 0
591.707 717.29 0
598.403 718.211 0
603.242 718.891 0
610.711 719.928 0
616.133 720.648 0
620.04 721.147 0
630.742 722.426 0
638.499 723.285 0
648.001 724.333 0
654.899 725.142 0
663.762 726.273 0
677.833 728.301 0
684.253 729.295 0
692.684 730.618 0
702.571 732.13 0
713.489 733.662 0
721.391 734.651 0
730.813 735.704 0
741.332 736.784 0
752.604 738.009 0
760.777 739.05 0
770.324 740.525 0
780.846 742.484 0
788.467 744.043 0
790.379 744.445 0
802.466 747.038 0
814.741 749.692 0
827.157 752.452 0
836.153 754.531 0
835.637 754.413 0
845.695 756.649 0
859.851 759.415 0
873.517 761.958 0
883.419 763.871 0
887.187 764.624 0
900.002 767.227 0
912.611 769.649 0
925.057 771.761 0
937.333 773.526 0
955.936 775.71 0
972.608 777.601 0
984.701 779.297 0
996.586 781.438 0
1002.02 782.585 0
1009.07 784.213 0
1017.28 786.23 0
1023.18 787.695 0
1030.53 789.497 0
1041.99 792.328 0
1047.19 793.659 0
1053.98 795.513 0
1061.91 797.951 0
1067.61 799.965 0
1071.69 801.577 0
1080.64 805.741 0
1084.05 807.578 0
1089.48 810.665 0
1090.35 811.165 0
1090.9 811.487 0
1094.25 813.395 0
1096.61 814.704 0
1101.25 817.121 0
1107.53 819.943 0
1109.05 820.547 0
1124.77 824.823 0
1141.9 826.68 0
1157.15 828.267 0
1168.19 829.985 0
1178.99 832.012 0
1181.11 832.426 0
1193.81 834.943 0
1205.76 837.273 0
1208.83 837.836 0
1213.76 838.678 0
1217.26 839.219 0
1225.23 840.236 0
1230.96 840.773 0
1240.48 841.289 0
1252.71 841.372 0
1272.08 840.928 0
1286.11 840.643 0
1298.84 840.528 0
1310.61 840.495 0
1319.09 840.463 0
1327.73 840.407 0
1333.93 840.358 0
1340.9 840.304 0
1348.41 840.266 0
1356.3 840.274 0
1364.46 840.364 0
1370.31 840.497 0
1376.95 840.732 0
1384.17 841.081 0
1389.33 841.373 0
1390.53 841.444 0
1396.22 841.793 0
1402.72 842.184 0
1409.79 842.543 0
1417.25 842.777 0
1425 842.824 0
1430.54 842.729 0
1436.87 842.486 0
1441.38 842.247 0
1446.95 841.914 0
1448.53 841.817 0
1454.31 841.474 0
1460.78 841.131 0
1467.73 840.809 0
1472.7 840.609 0
1478.54 840.405 0
1485 840.218 0
1489.62 840.107 0
1499.72 839.928 0
1506.99 839.848 0
1514.44 839.8 0
1522.02 839.735 0
1529.67 839.558 0
1535.15 839.315 0
1541.26 838.924 0
1545.62 838.573 0
1548.71 838.29 0
1550.87 838.076 0
1554.54 837.686 0
1559.31 837.152 0
1564.87 836.523 0
1568.83 836.092 0
1573.79 835.596 0
1577.32 835.27 0
1586.2 834.524 0
1596.81 833.693 0
1604.45 832.98 0
1612.02 832.031 0
1617.45 831.166 0
1623.4 830.054 0
1627.64 829.16 0
1630.65 828.481 0
1630.68 828.475 0
1630.61 828.491 0
1632.55 828.04 0
1633.88 827.728 0
1636.83 827.034 0
1638.89 826.553 0
1640.32 826.227 0
1645.37 825.136 0
1642.82 825.672 0
1642.94 825.645 0
1647.05 824.806 0
1652 823.945 0
1655.54 823.417 0
1660.06 822.822 0
1663.28 822.436 0
1675.49 821.076 0
1688.23 819.633 0
1699.37 818.273 0
1709.35 817.082 0
1720.36 815.889 0
1733.96 814.644 0
1743.8 813.873 0
1756.45 812.961 0
1769.25 812.075 0
1778.51 811.458 0
1786.98 810.947 0
1794.88 810.547 0
1800.55 810.323 0
1806.39 810.162 0
1810.57 810.091 0
1817.08 810.038 0
1825.28 810.048 0
1834.66 810.105 0
1841.41 810.127 0
1846.24 810.112 0
1851.41 810.062 0
1856.82 809.973 0
1858.95 809.929 0
1862.13 809.852 0
1867.79 809.695 0
1871.84 809.592 0
1873 809.568 0
1875.47 809.527 0
1880.57 809.508 0
1884.2 809.566 0
1886.77 809.643 0
1891.9 809.863 0
1897.24 810.149 0
1904.35 810.542 0
1907.81 810.701 0
1913.53 810.851 0
1919.25 810.779 0
1924.97 810.404 0
1929.07 809.955 0
1933.6 809.318 0
1936.83 808.793 0
1942.31 807.803 0
1947.83 806.751 0
1953.36 805.728 0
1957.32 805.066 0
1961.71 804.446 0
1964.82 804.086 0
1968.59 803.721 0
1972.82 803.375 0
1978.93 802.929 0
1984.84 802.472 0
1990.62 801.915 0
1994.75 801.401 0
1999.23 800.696 0
2003.94 799.763 0
2007.29 799.002 0
2009.67 798.427 0
2011.34 798.012 0
2012.48 797.722 0
2016.26 796.752 0
2023.41 794.932 0
2028.57 793.687 0
2030.78 793.176 0
2033.8 792.503 0
2051.8 789.191 0
2059.19 787.997 0
2063.08 787.359 0
2068.71 786.419 0
2074.16 785.495 0
2083.69 783.85 0
2090.57 782.581 0
2095.53 781.58 0
2103.23 779.82 0
2108.77 778.385 0
2114.11 776.861 0
2117.94 775.684 0
2122.03 774.357 0
2126.31 772.918 0
2129.36 771.877 0
2134.21 770.223 0
2137.68 769.064 0
2141.49 767.833 0
2145.54 766.581 0
2149.76 765.352 0
2155.41 763.856 0
2163.38 762.055 0
2171.71 760.418 0
2180.29 758.788 0
2186.48 757.553 0
2194.73 755.742 0
2203.2 753.616 0
2209.31 751.933 0
2214.94 750.297 0
2218.98 749.086 0
2224.33 747.445 0
2228.17 746.253 0
2232.13 745.014 0
2238.62 742.977 0
2245.71 740.635 0
2252 738.303 0
2258.91 735.341 0
2267.46 731.22 0
2272.44 728.696 0
2274.82 727.479 0
2276.51 726.619 0
2274.13 727.833 0
2273.51 728.145 0
2282.36 723.72 0
2288.75 720.814 0
2297.93 717.458 0
2299.99 716.854 0
2300.27 716.776 0
2307.25 715.124 0
2335.04 712.442 0
2354.2 711.202 0
2370.17 709.313 0
2378.63 708.089 0
2381.56 707.683 0
2383.62 707.417 0
2386.11 707.124 0
2386.78 707.051 0
2395.5 706.431 0
2403.82 706.507 0
2406.74 706.705 0
2409.81 707.017 0
2415.01 707.788 0
2419.73 708.73 0
2424.1 709.784 0
2427.21 710.624 0
2428.37 710.957 0
2430.13 711.478 0
2433.35 712.475 0
2436.58 713.523 0
2440.82 714.924 0
2446.76 716.861 0
2451.98 718.454 0
2459.56 720.566 0
2466.9 722.499 0
2474.99 724.637 0
2480.81 726.236 0
2484.96 727.429 0
2489.77 728.88 0
2493.19 729.957 0
2497.46 731.327 0
2500.49 732.304 0
2505.35 733.853 0
2509.72 735.196 0
2514.64 736.632 0
2523.48 739.041 0
2532.47 741.302 0
2540.68 743.296 0
2547.45 744.977 0
2553.15 746.469 0
2559.78 748.314 0
2566.22 750.229 0
2573.34 752.507 0
2580.92 755.116 0
2587.18 757.404 0
2591.64 759.104 0
2596.44 760.972 0
2603.09 763.591 0
2610.24 766.395 0
2616.14 768.69 0
2622.71 771.249 0
2629.76 774.023 0
2637.12 777.055 0
2643.14 779.737 0
2648.96 782.573 0
2653.86 785.167 0
2658.84 787.998 0
2663.86 791.057 0
2669.66 794.829 0
2672.29 796.598 0
2675.58 798.842 0
2678.63 800.92 0
2682.22 803.359 0
2686.92 806.487 0
2691.68 809.58 0
2694.34 811.282 0
2700.5 815.217 0
2704.18 817.568 0
2710.28 821.505 0
2714.59 824.294 0
2719.04 827.165 0
2722.17 829.167 0
2725.73 831.427 0
2730.29 834.27 0
2735.58 837.47 0
2740.69 840.418 0
2744.32 842.409 0
2748.22 844.464 0
2754.27 847.529 0
2760.55 850.647 0
2765.04 852.895 0
2768.86 854.84 0
2772.86 856.898 0
2776.96 859.047 0
2781.15 861.27 0
2785.37 863.548 0
2788.35 865.168 0
2792.33 867.339 0
2796.4 869.543 0
2799.89 871.413 0
2802.36 872.71 0
2806.54 874.866 0
2810.73 876.942 0
2814.91 878.913 0
2817.25 879.965 0
2820.1 881.183 0
2823.91 882.711 0
2827.21 883.942 0
2831.32 885.372 0
2839.5 887.956 0
2845.38 889.656 0
2849.58 890.797 0
2853.71 891.857 0
2857.79 892.834 0
2865.7 894.529 0
2885.33 897.361 0
2901.67 898.252 0
2915.57 898.272 0
2927.16 897.802 0
2936.06 897.076 0
2943 896.239 0
2949.98 895.132 0
2956.98 893.74 0
2963.01 892.311 0
2968.81 890.75 0
2974.92 888.935 0
2980.73 887.07 0
2987.27 884.852 0
2992.45 883.04 0
2995.22 882.058 0
2997.66 881.196 0
3009.22 878.463 0
3015.47 876.585 0
3020.94 874.514 0
3025.41 872.445 0
3030.13 869.989 0
3034.42 867.813 0
3039.11 865.696 0
3044.73 863.382 0
3050.94 860.959 0
3057.96 858.267 0
3063.92 855.937 0
3069.87 853.465 0
3075.26 850.993 0
3079.92 848.642 0
3085.06 845.827 0
3090.04 842.935 0
3095.18 839.909 0
3100.9 836.637 0
3108.03 832.683 0
3113.19 829.801 0
3119.06 826.361 0
3125 822.49 0
3128.88 819.627 0
3132.5 816.761 0
3136.41 813.561 0
3140.76 810.104 0
3145.81 806.436 0
3151.66 802.49 0
3157.17 798.836 0
3163.45 794.456 0
3168.88 790.191 0
3173.28 786.325 0
3177.38 782.448 0
3181.8 778.118 0
3186.07 773.918 0
3190.28 769.677 0
3193.78 765.995 0
3197.73 761.546 0
3201.36 757 0
3204.38 752.675 0
3206.98 748.174 0
3209.05 743.738 0
3210.88 739.342 0
3212.73 734.978 0
3215.07 730.111 0
3217.5 725.416 0
3219.79 720.976 0
3222.11 716.194 0
3224.16 711.592 0
3225.93 707.251 0
3227.74 702.391 0
3229.15 698.33 0
3230.71 693.758 0
3232.41 688.862 0
3234.05 684.147 0
3235.49 679.474 0
3236.51 674.855 0
3237.05 670.045 0
3237.32 665.35 0
3237.6 660.562 0
3238.13 655.376 0
3238.69 650.49 0
3239.03 645.89 0
3239.04 640.759 0
3238.85 635.737 0
3238.72 630.91 0
3238.77 626.007 0
3238.82 620.842 0
3238.65 616.134 0
3238.03 610.907 0
3237.09 605.432 0
3236.17 600.288 0
3235.32 594.997 0
3234.42 589.542 0
3233.44 584.554 0
3232.32 579.635 0
3231.17 574.697 0
3230.11 569.528 0
3229.29 564.885 0
3228.48 559.928 0
3227.59 554.68 0
3226.53 549.476 0
3225.13 544.294 0
3223.18 539.043 0
3220.81 533.809 0
3218.41 528.811 0
3216.1 523.745 0
3214.01 518.939 0
3211.48 513.226 0
3209.03 508.094 0
3206.51 503.14 0
3203.63 497.725 0
3200.76 492.453 0
3198.23 487.781 0
3195.83 483.206 0
3193.14 477.822 0
3191.12 473.83 0
3188.67 469.362 0
3185.72 464.626 0
3182.13 459.585 0
3178.13 454.571 0
3173.84 449.674 0
3169.27 444.627 0
3165 439.732 0
3161.7 435.563 0
3158.33 430.965 0
3155.09 426.563 0
3151.47 422.015 0
3148.08 418.178 0
3144.36 414.277 0
3140.12 410.104 0
3135.12 405.426 0
3130.82 401.564 0
3125.82 397.262 0
3120.66 392.997 0
3114.76 388.295 0
3108.57 383.469 0
3102.73 378.944 0
3096.63 374.222 0
3090.66 369.667 0
3082.96 364.04 0
3075.14 358.685 0
3065.85 352.694 0
3058.54 348.199 0
3051.89 344.254 0
3045.55 340.618 0
3039.97 337.529 0
3033.32 333.964 0
3026.45 330.415 0
3019.62 326.978 0
3011.76 323.105 0
3004.95 319.792 0
2998.07 316.545 0
2992.38 314.014 0
2987.27 311.857 0
2982.07 309.79 0
2975.75 307.47 0
2971.16 305.938 0
2966.3 304.469 0
2959.13 302.554 0
2946.42 299.648 0
2933.31 296.861 0
2920.96 294.147 0
2910.29 291.751 0
2901.98 289.88 0
2892.49 287.749 0
2884.44 285.953 0
2875.62 284.008 0
2865.01 281.704 0
2854.27 279.462 0
2845.86 277.806 0
2837.27 276.238 0
2829.76 274.984 0
2821.19 273.697 0
2813 272.618 0
2803.79 271.589 0
2789.7 270.284 0
2778.12 269.279 0
2769.02 268.428 0
2748.13 266.158 0
2725.48 263.187 0
2709.01 260.852 0
2695.54 258.9 0
2687.32 257.663 0
2674.44 255.608 0
2665.14 254.065 0
2655.23 252.441 0
2645.69 250.973 0
2626.38 248.487 0
2606.26 246.798 0
2589.03 245.912 0
2574.77 245.244 0
2564.45 244.717 0
2552.55 244.047 0
2537.51 243.114 0
2522.87 242.22 0
2506.55 241.39 0
2491.83 240.828 0
2479.2 240.48 0
2466.13 240.147 0
2455.68 239.796 0
2446.16 239.359 0
2435.24 238.795 0
2425.33 238.319 0
2411.91 237.843 0
2400.06 237.528 0
2389.35 237.247 0
2370.66 236.665 0
2354.89 236.152 0
2340.08 235.754 0
2327.05 235.575 0
2311.83 235.618 0
2298.43 235.7 0
2284.02 235.627 0
2273.63 235.486 0
2258.78 235.272 0
2245.57 235.085 0
2232.28 234.769 0
2217.59 234.153 0
2200.47 233.263 0
2184.12 232.531 0
2170.97 232.237 0
2157.45 232.371 0
2139.39 233.127 0
2123.54 234.027 0
2113.49 234.532 0
2093.4 234.89 0
2074.45 234.349 0
2056.27 233.398 0
2038.6 232.328 0
2022.78 231.397 0
2008.28 230.623 0
1991.54 229.868 0
1977.89 229.391 0
1964.87 229.081 0
1950.64 228.963 0
1942.04 229.039 0
1929.33 229.349 0
1916.85 229.715 0
1899.41 229.957 0
1881.63 229.745 0
1865.3 229.22 0
1849.99 228.543 0
1833.59 227.747 0
1819.97 227.137 0
1808.36 226.73 0
1796.37 226.475 0
1780.3 226.474 0
1766.84 226.776 0
1757.18 227.051 0
1750.29 227.222 0
1737.75 227.403 0
1724.85 227.451 0
1709.67 227.424 0
1696.76 227.416 0
1681.43 227.537 0
1666.31 227.821 0
1651.31 228.134 0
1642.6 228.271 0
1632.24 228.335 0
1614.22 228.04 0
1599.08 227.444 0
1583.84 226.837 0
1570.7 226.474 0
1552.35 226.288 0
1536.87 226.414 0
1523.48 226.654 0
1513.88 226.857 0
1500.14 227.115 0
1487.95 227.237 0
1474.53 227.213 0
1464.92 227.104 0
1450.91 226.832 0
1433.58 226.427 0
1413.69 226.101 0
1399.36 226.055 0
1371.25 226.521 0
1350.91 227.181 0
1320.36 227.894 0
1278.89 227.808 0
1248.84 228.398 0
1227.13 229.136 0
1202.91 229.468 0
1179.63 228.909 0
1159.92 228.085 0
1139.82 227.181 0
1116.32 226.184 0
1099.41 225.52 0
1081.14 224.953 0
1064.93 224.747 0
1050.21 224.858 0
1036.58 225.212 0
1017.31 225.905 0
1000.26 226.323 0
974.908 226.361 0
953.296 225.99 0
934.386 225.599 0
917.438 225.589 0
901.872 226.228 0
890.757 227.101 0
879.449 228.318 0
874.881 228.886 0
864.881 230.176 0
850.817 231.8 0
830.109 233.151 0
815.227 233.476 0
793.656 233.281 0
770.734 232.354 0
754.224 231.526 0
727.211 231.097 0
711.6 232.299 0
700.464 233.612 0
700.188 233.645 0
700.198 233.644 0
685.123 235.143 0
670.452 235.842 0
652.084 236.009 0
638.912 235.924 0
625.539 235.882 0
616.052 235.973 0
601.262 236.328 0
590.677 236.725 0
574.98 237.456 0
567.893 237.794 0
562.946 238.019 0
555.444 238.326 0
537.649 238.856 0
516.382 239.058 0
501.092 238.945 0
490.138 238.771 0
482.371 238.599 0
459.426 237.75 0
438.48 236.479 0
418.932 235.011 0
395.772 233.643 0
379.136 233.645 0
362.655 235.24 0
350.837 237.303 0
351.596 237.159 0
347.81 237.883 0
349.869 237.488 0
347.055 238.029 0
335.945 240.094 0
323.377 241.997 0
309.736 243.453 0
300.004 244.096 0
288.333 244.456 0
280.007 244.472 0
274.12 244.377 0
265.24 244.093 0
254.103 243.582 0
236.384 242.734 0
223.641 242.307 0
209.626 242.113 0
204.554 242.128 0