506.601 718.691 0
512.573 718.326 0
521.067 717.82 0
527.199 717.468 0
535.776 717.008 0
541.988 716.711 0
546.476 716.521 0
549.704 716.4 0
552.014 716.322 0
561.848 716.083 0
564.895 716.042 0
567.071 716.023 0
572.693 716.014 0
580.798 716.152 0
590.68 716.752 0
593.822 717.079 0
600.082 717.916 0
600.624 717.998 0
605.007 718.715 0
612.141 720.026 0
617.296 721.032 0
621.005 721.753 0
619.673 721.496 0
622.638 722.063 0
624.772 722.459 0
630.235 723.396 0
634.191 723.988 0
644.845 725.299 0
648.672 725.704 0
659.172 726.777 0
666.798 727.658 0
676.16 729.022 0
679.12 729.514 0
688.863 731.279 0
692.128 731.9 0
698.258 733.057 0
706.449 734.476 0
708.609 734.806 0
710.127 735.026 0
711.195 735.174 0
726.837 736.895 0
738.205 737.89 0
750.12 739.311 0
755.102 740.152 0
762.354 741.7 0
771.251 744.186 0
777.693 746.329 0
782.344 747.993 0
789.297 750.569 0
790.712 751.093 0
795.287 752.753 0
798.576 753.886 0
800.927 754.652 0
809.729 757.067 0
819.615 758.967 0
833.756 760.709 0
847.471 762.102 0
857.421 763.358 0
868.048 765.104 0
875.728 766.648 0
881.27 767.889 0
888.656 769.674 0
890.581 770.154 0
895.327 771.348 0
902.093 773.026 0
906.969 774.194 0
913.819 775.815 0
922.083 777.848 0
928.051 779.426 0
932.329 780.623 0
938.707 782.511 0
943.297 783.947 0
946.57 785.004 0
948.897 785.767 0
953.802 787.39 0
957.319 788.555 0
959.825 789.378 0
961.593 789.955 0
966.081 791.443 0
972.531 793.821 0
977.177 795.872 0
980.507 797.594 0
979.644 797.125 0
985.401 800.547 0
992.721 805.799 0
994.814 807.463 0
996.271 808.659 0
994.079 806.872 0
995.636 808.134 0
996.717 809.032 0
1000.64 812.415 0
1003.45 814.906 0
1008.6 819.362 0
1009.15 819.816 0
1012.67 822.529 0
1015.17 824.218 0
1013.77 823.3 0
1012.69 822.549 0
1011.85 821.932 0
1014.36 823.696 0
1016.14 824.805 0
1017.38 825.495 0
1018.24 825.93 0
1018.81 826.198 0
1019.17 826.36 0
1016.22 824.856 0
1014.02 823.471 0
1012.36 822.307 0
1011.1 821.363 0
1010.13 820.608 0
1012.55 822.443 0
1011.11 821.369 0
1010.01 820.512 0
1012.33 822.289 0
1013.98 823.448 0
1015.13 824.197 0
1015.93 824.683 0
1025.83 828.268 0
1033.01 828.571 0
1041.28 827.617 0
1047.25 826.535 0
1048.48 826.295 0
1052.4 825.52 0
1058.28 824.439 0
1065.54 823.367 0
1073.81 822.438 0
1082.8 821.647 0
1089.3 821.134 0
1096.96 820.506 0
1108.38 819.412 0
1119.56 818.186 0
1127.66 817.216 0
1136.41 816.079 0
1145.61 814.703 0
1157.95 812.159 0
1166.87 809.628 0
1173.31 807.457 0
1177.95 805.738 0
1181.26 804.463 0
1180.76 804.657 0
1185.99 802.632 0
1189.74 801.222 0
1192.41 800.265 0
1199.89 797.869 0
1208.05 795.699 0
1213.94 794.376 0
1220.92 793.015 0
1225.94 792.141 0
1234.99 790.7 0
1244.23 789.308 0
1250.9 788.306 0
1261.05 786.721 0
1271.02 785.043 0
1280.86 783.223 0
1290.58 781.2 0
1297.6 779.574 0
1305.24 777.674 0
1310.73 776.248 0
1317.25 774.516 0
1324.5 772.574 0
1332.27 770.518 0
1340.39 768.423 0
1346.24 766.949 0
1352.94 765.287 0
1362.77 762.783 0
1367.36 761.514 0
1375.6 758.982 0
1381.53 756.966 0
1385.77 755.432 0
1388.79 754.301 0
1393.37 752.51 0
1396.63 751.177 0
1403.81 748.046 0
1408.98 745.607 0
1415.09 742.485 0
1419.46 740.069 0
1422.58 738.25 0
1424.77 736.916 0
1426.29 735.962 0
1427.33 735.302 0
1430.41 733.283 0
1446.73 722.63 0
1453.89 718.788 0
1456.69 717.502 0
1451.52 719.976 0
1450.07 720.745 0
1451.31 720.082 0
1452.16 719.649 0
1450.32 720.61 0
1453.66 718.901 0
1453.67 718.898 0
1460.66 715.906 0
1468.03 713.699 0
1471.01 713.08 0
1477.76 712.141 0
1487.2 711.536 0
1494.02 711.353 0
1498.93 711.28 0
1504.72 711.201 0
1513.37 711.071 0
1517.37 711.059 0
1520.22 711.091 0
1526.72 711.345 0
1531.38 711.714 0
1536.94 712.382 0
1538.71 712.65 0
1542.15 713.253 0
1542.38 713.296 0
1542.47 713.315 0
1544.7 713.771 0
1548.47 714.633 0
1551.16 715.3 0
1553.05 715.79 0
1554.38 716.137 0
1559.66 717.534 0
1569.92 720.051 0
1579.47 722.115 0
1586.38 723.509 0
1595.58 725.294 0
1604.32 726.945 0
1608.53 727.725 0
1613.64 728.645 0
1625.56 730.614 0
1638.25 732.523 0
1649.45 734.331 0
1659.55 736.183 0
1668.84 738.092 0
1677.52 739.942 0
1689.66 742.409 0
1700.37 744.406 0
1711.96 746.431 0
1722.23 748.305 0
1731.54 750.158 0
1736.35 751.167 0
1743.56 752.735 0
1754.34 755.159 0
1763.96 757.346 0
1772.73 759.293 0
1779.04 760.63 0
1789.01 762.614 0
1799.78 764.614 0
1811.1 766.722 0
1822.78 769.258 0
1829.45 770.956 0
1835.98 772.813 0
1844.12 775.389 0
1849.96 777.37 0
1854.14 778.827 0
1863.93 782.312 0
1869.28 784.212 0
1873.09 785.544 0
1879.16 787.623 0
1886.85 790.222 0
1892.37 792.108 0
1899.62 794.684 0
1904.81 796.656 0
1911.79 799.564 0
1916.78 801.871 0
1921.96 804.44 0
1925.63 806.344 0
1926.6 806.85 0
1938.42 813.175 0
1948.52 818.431 0
1954.22 821.192 0
1959.85 823.714 0
1967 826.56 0
1973.67 828.81 0
1983.06 831.337 0
1991.34 833.096 0
1997.29 834.162 0
2001.53 834.826 0
2009.05 835.805 0
2020.39 836.815 0
2030.04 837.31 0
2041.34 837.58 0
2050.93 837.634 0
2056.39 837.621 0
2064.59 837.563 0
2074.7 837.457 0
2083.39 837.36 0
2089.64 837.295 0
2096.87 837.229 0
2107.54 837.14 0
2116.58 837.074 0
2125.78 837.053 0
2133.73 837.102 0
2139.42 837.168 0
2146.13 837.264 0
2153.57 837.371 0
2158.89 837.428 0
2166.59 837.448 0
2173.4 837.383 0
2184.64 837.122 0
2191.48 836.886 0
2200.16 836.542 0
2206.39 836.291 0
2214.55 835.976 0
2224.09 835.623 0
2233.38 835.282 0
2241.26 834.973 0
2251.67 834.503 0
2261.53 833.957 0
2269.8 833.407 0
2280.37 832.642 0
2291.4 831.879 0
2299.35 831.408 0
2305.04 831.132 0
2313.58 830.819 0
2323.04 830.601 0
2333.12 830.489 0
2340.36 830.457 0
2346.63 830.446 0
2354.33 830.441 0
2360.91 830.434 0
2368.79 830.419 0
2378.61 830.402 0
2389.79 830.411 0
2401.88 830.489 0
2412.61 830.646 0
2423.29 830.906 0
2432.93 831.217 0
2440.83 831.5 0
2451.3 831.881 0
2465.44 832.366 0
2478.41 832.831 0
2490.49 833.383 0
2499.2 833.912 0
2508.15 834.587 0
2513.65 835.059 0
2519.35 835.587 0
2526.94 836.337 0
2535 837.17 0
2545.08 838.254 0
2554.88 839.4 0
2562.75 840.411 0
2568.37 841.161 0
2574.03 841.918 0
2581.39 842.874 0
2588.28 843.711 0
2595.64 844.505 0
2604.13 845.293 0
2614.19 846.142 0
2623.76 846.977 0
2632.95 847.931 0
2640.29 848.856 0
2647.06 849.821 0
2654.15 850.921 0
2662.2 852.238 0
2670.18 853.564 0
2677.35 854.732 0
2683.93 855.779 0
2690.79 856.848 0
2698.53 858.04 0
2705.47 859.107 0
2713.23 860.32 0
2720.17 861.434 0
2726.48 862.485 0
2733.71 863.739 0
2739.54 864.789 0
2746.35 866.055 0
2752.54 867.24 0
2758.94 868.51 0
2764.14 869.593 0
2770.43 870.982 0
2775.53 872.168 0
2781.07 873.488 0
2786.25 874.727 0
2791.8 876.032 0
2798.25 877.488 0
2804.7 878.853 0
2811.14 880.1 0
2818.15 881.348 0
2824.96 882.509 0
2831.01 883.539 0
2835.89 884.373 0
2841.12 885.26 0
2847.17 886.267 0
2853.2 887.231 0
2858.63 888.032 0
2863.07 888.616 0
2867.92 889.16 0
2872.49 889.574 0
2875.68 889.803 0
2917.03 888.866 0
2950.29 886.441 0
2976.23 884.534 0
2995.95 882.701 0
2901.61 880.75 0
2921.79 878.784 0
2942.37 876.999 0
2963.25 875.283 0
2983.4 873.655 0
3005.5 871.857 0
3028.24 869.942 0
3050.99 867.884 0
3077.9 865.047 0
3097.68 862.197 0
3107.07 859.867 0
3111.24 857.242 0
3110.91 854.649 0
3108.47 852.073 0
3106.27 849.64 0
3106.01 847.338 0
3108.87 844.976 0
3115.52 842.232 0
3124.28 839.516 0
3139.6 835.081 0
3146.98 832.527 0
3153.15 829.491 0
3157.23 826.414 0
3160.08 823.36 0
3162.98 820.009 0
3166.48 816.922 0
3172.19 813.087 0
3178.94 809.064 0
3184.27 805.835 0
3189.66 802.084 0
3196.02 796.602 0
3201 791.86 0
3205.89 787.523 0
3210.79 783.482 0
3215.69 779.37 0
3220.12 775.209 0
3223.42 771.467 0
3226.39 767.435 0
3229.1 763.204 0
3231.81 758.695 0
3234.37 754.411 0
3236.91 750.16 0
3239.81 745.39 0
3242.6 740.773 0
3245.2 736.152 0
3247.44 731.451 0
3249.2 726.65 0
3250.46 721.906 0
3251.36 716.986 0
3251.95 712.556 0
3252.75 707.458 0
3253.97 702.638 0
3255.59 698.017 0
3257.11 693.315 0
3257.89 688.661 0
3257.68 683.298 0
3257.23 677.414 0
3257.82 671.687 0
3259.31 666.23 0
3260.9 660.704 0
3261.99 655.047 0
3262.62 649.715 0
3263.14 644.055 0
3263.54 638.45 0
3263.68 633.222 0
3263.46 627.916 0
3263.01 622.593 0
3262.52 617.061 0
3262.09 611.66 0
3261.44 606.072 0
3260.22 600.275 0
3258.64 594.517 0
3257.31 589.075 0
3256.44 583.709 0
3255.73 578.328 0
3254.87 573.215 0
3253.83 568.328 0
3252.74 562.52 0
3252.28 557.153 0
3252.29 551.594 0
3252.4 546.836 0
3252.38 542.098 0
3252.12 536.845 0
3251.6 531.59 0
3250.85 526.617 0
3249.78 520.875 0
3248.73 515.697 0
3247.55 510.467 0
3246.09 505.128 0
3244.18 499.655 0
3242.25 494.903 0
3240.09 489.837 0
3237.98 484.686 0
3236.2 479.832 0
3234.75 474.959 0
3233.78 470.619 0
3232.73 465.854 0
3231.17 460.971 0
3228.7 455.987 0
3225.71 451.073 0
3222.71 446.209 0
3220.08 441.422 0
3217.71 436.732 0
3215.36 432.016 0
3212.7 427.02 0
3210.09 422.412 0
3207.37 417.862 0
3204.52 413.264 0
3201.8 408.821 0
3199.13 404.13 0
3197.2 400.255 0
3195.2 395.913 0
3193.21 391.689 0
3191.06 387.681 0
3188.39 383.37 0
3185.16 378.662 0
3181.76 373.94 0
3178.39 369.309 0
3175.27 365.016 0
3172.5 361.177 0
3169.54 357.055 0
3166.65 353.125 0
3163.9 349.576 0
3160.73 345.819 0
3157.15 341.962 0
3152.77 337.629 0
3148.78 333.916 0
3144.58 330.159 0
3140.76 326.827 0
3135.87 322.621 0
3130.67 318.137 0
3126.22 314.256 0
3121.46 310.14 0
3116.89 306.349 0
3111.88 302.445 0
3107.31 299.142 0
3101.6 295.231 0
3096.26 291.733 0
3090.43 287.998 0
3084.81 284.44 0
3079.47 281.001 0
3075.52 278.37 0
3071.55 275.599 0
3067.21 272.346 0
3061 267.423 0
3055.05 262.942 0
3049.31 259.166 0
3042.3 255.269 0
3035.27 251.942 0
3026.84 248.499 0
3019.37 245.82 0
3014.12 244.108 0
2986.7 237.696 0
2962.04 234.419 0
2944.08 231.764 0
2924.71 228.612 0
2908.27 226.103 0
2893.93 224.467 0
2881.71 223.489 0
2873.42 222.932 0
2866.21 222.454 0
2859.77 221.998 0
2853.31 221.511 0
2845.56 220.904 0
2837.47 220.263 0
2827.14 219.47 0
2818.99 218.891 0
2812.43 218.474 0
2805.76 218.105 0
2797.64 217.752 0
2789.07 217.514 0
2781.54 217.423 0
2776.74 217.412 0
2770.57 217.44 0
2759.15 217.571 0
2746.55 217.753 0
2730 218.011 0
2714.98 218.281 0
2701.04 218.511 0
2690.15 218.553 0
2683.05 218.466 0
2671.74 218.099 0
2660.4 217.573 0
2648.95 217.065 0
2628.96 216.648 0
2611.88 216.666 0
2598.61 216.745 0
2586.4 216.761 0
2573.17 216.617 0
2558.24 216.185 0
2547.41 215.809 0
2540.51 215.601 0
2530.05 215.404 0
2506.16 215.342 0
2485.84 215.181 0
2468.09 214.85 0
2453.22 214.547 0
2436.27 214.33 0
2421.89 214.396 0
2408.31 214.673 0
2395.3 214.949 0
2380.46 215.039 0
2367.54 214.859 0
2352.62 214.399 0
2339.57 213.842 0
2325.56 213.262 0
2316.65 213 0
2299.6 212.878 0
2282.42 213.171 0
2263.83 213.765 0
2252.86 214.108 0
2242.52 214.332 0
2219.7 214.41 0
2196.52 214.529 0
2181.07 214.728 0
2164.53 214.731 0
2145.71 214.325 0
2127.91 213.754 0
2113.65 213.336 0
2099.08 213.101 0
2073.83 213.417 0
2041.64 214.527 0
2016.73 215.191 0
1989.08 215.447 0
1970.68 215.668 0
1949.21 216.439 0
1933.71 217.508 0
1919.21 218.669 0
1905.41 219.662 0
1890.39 220.413 0
1861.93 220.403 0
1837.7 219.455 0
1820.19 218.941 0
1807.6 218.822 0
1789.31 219.126 0
1778.02 219.475 0
1762.39 219.907 0
1747.33 220.099 0
1730.68 219.997 0
1716.75 219.682 0
1694.73 219.34 0
1670.6 219.986 0
1651.09 221.011 0
1632.83 221.955 0
1615.44 222.479 0
1592.07 222.567 0
1570.78 222.712 0
1548.7 223.202 0
1535.05 223.637 0
1523.02 224.083 0
1502.94 224.924 0
1488.48 225.526 0
1468.68 226.147 0
1454.44 226.374 0
1427.14 226.412 0
1409.92 226.387 0
1377.25 227.106 0
1321.22 229.935 0
1277.75 231.993 0
1231.87 231.954 0
1192.76 231.656 0
1155.51 231.581 0
1128.57 231.688 0
1103.11 232.462 0
1078.65 233.956 0
1061.06 234.98 0
1045.37 235.667 0
1011.78 236.418 0
987.575 236.929 0
960.245 237.832 0
933.832 238.775 0
904.586 239.783 0
872.982 240.318 0
850.206 240.355 0
826.697 240.542 0
809.86 241.056 0
790.629 242.06 0
769.546 243.243 0
746.968 244.185 0
734.535 244.456 0
706.71 244.353 0
686.697 243.766 0
660.596 242.848 0
641.845 242.45 0
624.506 242.53 0
608.083 243.077 0
596.434 243.724 0
584.192 244.583 0
567.372 245.753 0
551.241 246.451 0
535.601 246.566 0
507.374 245.587 0
491.384 244.589 0
471.342 243.184 0
439.275 240.448 0
397.819 240.103 0
390.803 240.895 0
381.515 242.178 0
370.504 243.894 0
353.593 246.529 0
346.179 247.539 0
336.456 248.604 0
320.27 249.668 0
313.429 249.9 0
304.042 250.057 0
292.755 250.054 0
275.242 249.733 0
257.875 249.153 0
240.604 248.453 0
228.285 247.95 0
209.687 247.288 0