501.647 748.222 0
505.415 747.322 0
509.575 746.539 0
512.875 746.048 0
517.366 745.527 0
522.054 745.113 0
527.076 744.753 0
531.014 744.495 0
535.485 744.2 0
538.836 743.96 0
542.034 743.703 0
546.443 743.283 0
550.598 742.802 0
553.254 742.449 0
557.267 741.848 0
561.786 741.072 0
566.497 740.147 0
570.704 739.228 0
575.19 738.188 0
578.11 737.5 0
582.307 736.524 0
585.667 735.778 0
589.541 734.984 0
592.99 734.345 0
597.73 733.572 0
601.976 732.98 0
607.763 732.323 0
611.664 731.972 0
616.565 731.584 0
622.186 731.106 0
625.979 730.701 0
631.413 729.919 0
634.176 729.42 0
637.762 728.71 0
642.912 727.649 0
646.996 726.853 0
651.406 726.123 0
656.665 725.471 0
661.321 725.001 0
666.148 724.51 0
672.189 723.725 0
677.536 722.746 0
681.18 721.921 0
684.18 721.151 0
686.713 720.44 0
691.683 718.893 0
695.658 717.522 0
699.994 715.966 0
703.41 714.768 0
706.75 713.678 0
710.631 712.583 0
714.907 711.684 0
720.637 711.065 0
725.764 711.005 0
731.026 711.332 0
734.081 711.664 0
739.473 712.433 0
744.843 713.305 0
750.758 714.201 0
755.945 714.774 0
761.722 715.044 0
765.269 715.04 0
769.787 714.896 0
773.471 714.696 0
778.646 714.347 0
783.913 713.975 0
788.697 713.668 0
792.037 713.492 0
794.925 713.378 0
799.461 713.29 0
804.793 713.342 0
809.624 713.502 0
814.089 713.715 0
817.757 713.918 0
821.375 714.127 0
825.98 714.409 0
829.26 714.633 0
833.121 714.935 0
836.356 715.23 0
840.674 715.7 0
845.282 716.31 0
849.563 716.96 0
853.628 717.632 0
858.551 718.489 0
862.587 719.206 0
866.469 719.902 0
870.239 720.6 0
873.926 721.324 0
876.061 721.768 0
879.556 722.545 0
883.045 723.397 0
886.036 724.194 0
890.139 725.378 0
895.515 727.059 0
899.886 728.507 0
904.006 729.915 0
906.503 730.784 0
909.742 731.94 0
913.01 733.159 0
916.326 734.472 0
919.676 735.899 0
923.053 737.462 0
925.937 738.912 0
930.821 741.598 0
934.794 743.928 0
939.615 746.828 0
944.506 749.741 0
949.444 752.537 0
953.965 754.948 0
959.109 757.546 0
963.778 759.799 0
968.973 762.22 0
973.676 764.345 0
978.02 766.243 0
982.53 768.138 0
986.676 769.803 0
990.609 771.311 0
994.809 772.858 0
997.881 773.969 0
1001.51 775.282 0
1005.9 776.897 0
1009.6 778.311 0
1012.72 779.559 0
1016.72 781.217 0
1020.48 782.815 0
1025 784.774 0
1029.2 786.605 0
1033.16 788.323 0
1037.74 790.282 0
1041.98 792.062 0
1045.59 793.544 0
1049.5 795.117 0
1053.64 796.732 0
1058.41 798.535 0
1063.26 800.313 0
1068.07 802.035 0
1072.47 803.586 0
1077.42 805.31 0
1082.39 807.027 0
1087.17 808.662 0
1091.54 810.15 0
1095.72 811.568 0
1100.14 813.053 0
1104.61 814.534 0
1110.74 816.517 0
1116.1 818.185 0
1120.89 819.612 0
1124.93 820.756 0
1128.76 821.785 0
1133.24 822.909 0
1138.2 824.039 0
1143.5 825.096 0
1147.58 825.79 0
1152.24 826.437 0
1156.53 826.883 0
1160.53 827.162 0
1165.59 827.339 0
1169.84 827.353 0
1173.83 827.271 0
1178.24 827.089 0
1182.35 826.853 0
1186.7 826.565 0
1192 826.214 0
1195.98 825.99 0
1200.23 825.822 0
1204.69 825.74 0
1209.77 825.727 0
1214.66 825.751 0
1219.57 825.765 0
1224.04 825.732 0
1228.37 825.63 0
1232.6 825.438 0
1237.32 825.087 0
1242.13 824.55 0
1246.99 823.8 0
1251.14 823.006 0
1255.26 822.094 0
1260.1 820.88 0
1264.24 819.731 0
1268.43 818.495 0
1272.79 817.162 0
1276.6 815.991 0
1281.01 814.661 0
1285.34 813.422 0
1290.13 812.137 0
1294.73 810.957 0
1299.44 809.774 0
1304.02 808.612 0
1308.97 807.311 0
1313.73 805.979 0
1318.81 804.43 0
1323.41 802.882 0
1328.16 801.11 0
1333.25 799.026 0
1337.87 797.023 0
1342.15 795.116 0
1346.68 793.099 0
1351.63 790.935 0
1356.64 788.807 0
1361.69 786.734 0
1366.81 784.718 0
1371.47 782.968 0
1376.05 781.29 0
1381.29 779.364 0
1387.01 777.175 0
1392.38 774.962 0
1397.5 772.701 0
1402.23 770.502 0
1407.11 768.161 0
1412.38 765.57 0
1417.94 762.815 0
1423.23 760.235 0
1429.02 757.529 0
1434.48 755.144 0
1440.2 752.82 0
1445.82 750.669 0
1451.16 748.689 0
1457.18 746.495 0
1463.16 744.334 0
1468.28 742.495 0
1473.97 740.469 0
1480.07 738.334 0
1485.63 736.487 0
1490.98 734.873 0
1497 733.323 0
1503.5 731.943 0
1509.54 730.787 0
1515.25 729.674 0
1521.37 728.34 0
1527.3 726.904 0
1533.44 725.281 0
1539.11 723.681 0
1545.23 721.914 0
1551.66 720.136 0
1557.3 718.76 0
1563.27 717.579 0
1569.73 716.566 0
1576.3 715.703 0
1582.67 714.921 0
1588.16 714.236 0
1593.63 713.515 0
1599.5 712.669 0
1605.77 711.657 0
1611.72 710.605 0
1617.54 709.511 0
1622.74 708.497 0
1628.61 707.343 0
1634.79 706.176 0
1640.63 705.185 0
1646.44 704.359 0
1652.53 703.711 0
1658.53 703.329 0
1664.58 703.239 0
1670.41 703.427 0
1676.14 703.782 0
1681.8 704.201 0
1687.35 704.592 0
1693.44 705.005 0
1699.88 705.542 0
1705.03 706.134 0
1710.3 706.953 0
1715.58 707.976 0
1722.04 709.449 0
1727.69 710.885 0
1734.35 712.702 0
1740.17 714.345 0
1745.87 715.959 0
1751.51 717.527 0
1757.6 719.185 0
1764.06 720.923 0
1769.7 722.45 0
1775.29 723.987 0
1781.34 725.715 0
1787.21 727.488 0
1792.95 729.345 0
1798.08 731.144 0
1803.28 733.152 0
1809.02 735.626 0
1814.62 738.357 0
1820.66 741.668 0
1826.46 745.197 0
1832.11 748.949 0
1838.1 753.246 0
1843.88 757.587 0
1849.49 761.881 0
1854.92 766.025 0
1860.72 770.323 0
1867.32 774.946 0
1874 779.204 0
1880.28 782.751 0
1886.21 785.799 0
1892.39 788.814 0
1898.86 791.971 0
1904.79 794.936 0
1910.95 798.093 0
1917.25 801.42 0
1923.59 804.835 0
1930.01 808.279 0
1936.57 811.674 0
1943.15 814.852 0
1950.22 818.015 0
1957.16 820.9 0
1963.99 823.563 0
1970.84 826.046 0
1978.09 828.441 0
1985.12 830.517 0
1992.12 832.333 0
1999.56 834.006 0
2006.37 835.311 0
2014.04 836.561 0
2021.01 837.534 0
2028.44 838.44 0
2036.2 839.257 0
2043.1 839.877 0
2050.61 840.452 0
2057.8 840.928 0
2065.39 841.384 0
2072.45 841.798 0
2080.27 842.283 0
2087.19 842.769 0
2094.74 843.35 0
2102.1 843.886 0
2108.98 844.279 0
2115.55 844.511 0
2123.34 844.584 0
2131.86 844.392 0
2139.93 843.997 0
2147.68 843.53 0
2155.39 843.072 0
2163.65 842.647 0
2171.26 842.354 0
2178.95 842.162 0
2186.63 842.023 0
2193.89 841.887 0
2201.52 841.711 0
2209.19 841.498 0
2217.13 841.245 0
2224.79 841.014 0
2232.74 840.862 0
2240.4 840.834 0
2248.59 840.821 0
2257.17 840.65 0
2265.29 840.223 0
2273.09 839.529 0
2281.67 838.423 0
2289.81 837.216 0
2298.68 836.016 0
2306.67 835.176 0
2315.16 834.465 0
2323.22 833.883 0
2331.78 833.359 0
2340.39 832.963 0
2349.05 832.709 0
2356.94 832.573 0
2365.07 832.493 0
2373.2 832.39 0
2382.01 832.124 0
2389.99 831.663 0
2398.85 830.902 0
2408.04 829.853 0
2416.29 828.739 0
2425.55 827.384 0
2435.04 825.992 0
2443.87 824.831 0
2452.71 823.917 0
2461.05 823.356 0
2469.53 823.15 0
2477.75 823.29 0
2485.75 823.684 0
2494.37 824.337 0
2502.55 825.2 0
2510.02 826.223 0
2516.97 827.313 0
2524.53 828.447 0
2531.93 829.302 0
2539.72 829.893 0
2549.03 830.389 0
2556.88 830.804 0
2564.59 831.331 0
2572.59 832.114 0
2580.4 833.141 0
2587.97 834.299 0
2594.96 835.424 0
2601.44 836.521 0
2609.49 838.052 0
2616.81 839.697 0
2623.68 841.414 0
2629.63 842.922 0
2637.74 844.84 0
2644.59 846.251 0
2651 847.387 0
2658.05 848.417 0
2666.01 849.377 0
2673.25 850.208 0
2679.93 851.058 0
2687.18 852.141 0
2693.84 853.318 0
2700.59 854.714 0
2707.39 856.365 0
2713.24 858.012 0
2718.88 859.827 0
2725.85 862.386 0
2732.3 865.04 0
2737.37 867.299 0
2743.42 870.154 0
2750.18 873.413 0
2754.96 875.641 0
2759.3 877.537 0
2765.8 880.036 0
2772.39 882.124 0
2777.04 883.328 0
2783.78 884.678 0
2791.07 885.732 0
2798.77 886.693 0
2803.11 887.292 0
2809.22 888.319 0
2814.95 889.484 0
2820.92 890.91 0
2826.64 892.481 0
2832.65 894.339 0
2838.4 896.282 0
2843.28 898.041 0
2848.13 899.872 0
2853.5 901.977 0
2857.73 903.678 0
2863.14 905.88 0
2868.92 908.246 0
2873.92 910.281 0
2878.37 912.053 0
2882.39 913.619 0
2887.16 915.401 0
2891.33 916.881 0
2895.81 918.356 0
2900.33 919.691 0
2905.46 920.974 0
2911.12 922.051 0
2916.02 922.695 0
2920.94 923.103 0
2925.88 923.305 0
2931.9 923.316 0
2938.13 923.09 0
2943.43 922.714 0
2949.36 922.103 0
2955.53 921.264 0
2960.9 920.374 0
2966.79 919.24 0
2972.57 917.978 0
2978.16 916.631 0
2983.6 915.214 0
2990.18 913.378 0
2995.86 911.705 0
2999.59 909.862 0
3011.25 907.671 0
3018.36 906.074 0
3025.74 904.133 0
3032.88 901.939 0
3037.59 900.336 0
3040.89 899.169 0
3045.5 897.535 0
3051.34 895.563 0
3055.99 894.122 0
3062.39 892.286 0
3067.28 890.949 0
3067.96 890.766 0
3074.36 889.055 0
3079.01 887.809 0
3093.46 883.717 0
3104.18 879.928 0
3109.89 877.168 0
3114.41 874.348 0
3118.21 871.485 0
3122.92 867.769 0
3153.79 844.459 0
3171.49 829.255 0
3184.88 818.175 0
3196.87 805.596 0
3207.39 794.609 0
3216.74 784.772 0
3223.76 776.691 0
3228.6 770.82 0
3232.93 765.632 0
3236.09 761.873 0
3239.11 758.224 0
3243.43 752.764 0
3246.9 747.859 0
3249.55 743.355 0
3251.03 740.098 0
3251.86 737.751 0
3252.61 735.111 0
3253.5 731.288 0
3254.34 727.56 0
3255.6 722.922 0
3256.32 720.545 0
3256.85 718.844 0
3258.1 714.69 0
3259.36 709.709 0
3260.21 705.11 0
3260.8 699.78 0
3260.98 694.916 0
3260.98 689.371 0
3261.52 677.065 0
3260.39 667.068 0
3258.34 660.872 0
3256.87 656.392 0
3255.55 651.048 0
3254.54 646.127 0
3253.21 640.435 0
3252.01 636.326 0
3250.62 632.293 0
3249.05 628.313 0
3247.33 624.365 0
3246.05 621.529 0
3244.21 617.316 0
3243 614.286 0
3241.83 611.019 0
3240.68 607.575 0
3239.05 602.881 0
3237.21 598.382 0
3235.13 594.021 0
3233 589.757 0
3230.98 585.558 0
3228.69 580.258 0
3227.18 576.44 0
3225.34 571.397 0
3223.32 565.44 0
3222.33 562.311 0
3220.96 557.744 0
3219.47 552.104 0
3218.44 546.854 0
3217.82 540.689 0
3217.34 535.043 0
3216.13 529.769 0
3213.53 523.546 0
3211.83 519.061 0
3211.14 514.62 0
3211.21 510.205 0
3209.46 503.32 0
3204.52 498.354 0
3201.49 496.037 0
3199.31 494.407 0
3196.32 492.03 0
3192.53 487.839 0
3191.68 481.028 0
3193.42 473.549 0
3193.39 468.154 0
3192.59 462.984 0
3191.52 456.669 0
3190.33 450.811 0
3188.87 446.602 0
3187.33 443.592 0
3184.24 438.82 0
3180.81 434.072 0
3178.4 430.669 0
3176.77 428.247 0
3174.83 425.207 0
3171.15 419.011 0
3168.67 414.556 0
3167 411.368 0
3164.58 406.377 0
3162.48 401.426 0
3160.56 396.496 0
3159.15 392.963 0
3156.75 387.67 0
3154.78 383.876 0
3152.49 379.772 0
3149.99 375.436 0
3147.33 370.928 0
3144.4 366.284 0
3142.09 362.957 0
3140.31 360.597 0
3136.54 356.081 0
3133.58 352.851 0
3131.34 350.563 0
3128.2 347.517 0
3122.77 342.459 0
3120.53 340.286 0
3117.73 337.311 0
3115 333.749 0
3112.86 329.746 0
3111.03 325.414 0
3108.74 320.836 0
3102.26 313.085 0
3099.58 310.482 0
3097.64 308.652 0
3094.73 305.897 0
3094.26 305.447 0
3087.98 299.142 0
3082.21 293.08 0
3076.51 287.195 0
3071.83 282.967 0
3067.91 279.944 0
3064.73 277.804 0
3062.29 276.314 0
3069.85 281.383 0
3075.94 286.645 0
3067.79 279.862 0
3062.64 276.518 0
3058.34 274.139 0
3054.95 272.464 0
3044.71 268.199 0
3035.75 265.148 0
3033.84 264.556 0
3021.33 261.054 0
3017.71 260.122 0
3015.24 259.502 0
3019.82 260.662 0
3017.3 260.018 0
3009.26 258.036 0
3009.95 258.203 0
3004.15 256.818 0
2996.16 254.994 0
2992.39 254.046 0
2989.18 253.251 0
2986.17 252.515 0
2981.93 251.491 0
2977.49 250.429 0
2972.9 249.341 0
2967.5 248.07 0
2962.39 246.867 0
2958.88 246.035 0
2954.95 245.105 0
2950.74 244.108 0
2944.76 242.716 0
2939.9 241.619 0
2934.31 240.413 0
2928.19 239.186 0
2923.22 238.276 0
2918.24 237.461 0
2912.43 236.637 0
2906.97 235.967 0
2900.95 235.311 0
2895.21 234.739 0
2889.11 234.153 0
2883.31 233.586 0
2876.23 232.836 0
2869.72 232.078 0
2863.74 231.353 0
2857.34 230.584 0
2851.42 229.909 0
2844.97 229.248 0
2838.23 228.681 0
2831.37 228.258 0
2824.32 227.94 0
2817.15 227.671 0
2808.44 227.319 0
2802.19 226.985 0
2794.86 226.439 0
2788.23 225.78 0
2780.02 224.781 0
2772 223.652 0
2763.43 222.325 0
2755.85 221.088 0
2748.31 219.857 0
2740.09 218.613 0
2732.76 217.686 0
2724.69 216.968 0
2715.39 216.673 0
2705.22 217.051 0
2695.78 217.83 0
2686.19 218.784 0
2676.5 219.654 0
2666.73 220.23 0
2657.59 220.498 0
2647.54 220.542 0
2638.15 220.391 0
2628.6 220.092 0
2617.64 219.598 0
2607.65 219.03 0
2598.97 218.462 0
2589.85 217.81 0
2580.51 217.151 0
2569.73 216.53 0
2558.5 216.193 0
2547.63 216.295 0
2537.58 216.651 0
2523.73 217.172 0
2512.18 217.292 0
2502.31 217.05 0
2490.54 216.507 0
2479.8 215.944 0
2468.61 215.467 0
2457.78 215.237 0
2446.05 215.345 0
2433.94 215.958 0
2420.62 217.186 0
2407.11 218.457 0
2395.07 219.061 0
2382.96 218.81 0
2370.55 217.972 0
2357.49 216.999 0
2345.32 216.479 0
2333.52 216.513 0
2319.44 217.308 0
2306.85 218.749 0
2293.01 220.697 0
2278.95 222.196 0
2265.75 222.405 0
2251.81 221.492 0
2238.34 220.276 0
2224.54 219.455 0
2210.2 219.261 0
2196.08 219.533 0
2180.85 220.108 0
2166.47 220.661 0
2152.04 220.96 0
2137.82 220.848 0
2123.51 220.499 0
2108.21 220.135 0
2094.02 220.02 0
2079.06 220.29 0
2063.35 221.149 0
2047.96 222.299 0
2031.99 223.186 0
2016.09 223.297 0
2001.09 222.956 0
1985.73 222.578 0
1969.94 222.484 0
1953.73 222.881 0
1938.03 223.832 0
1921.25 225.004 0
1904.56 225.648 0
1887.91 225.503 0
1871.16 224.858 0
1855.12 224.096 0
1838.85 223.582 0
1822.5 223.735 0
1805.35 224.563 0
1788.99 225.461 0
1771.88 226.095 0
1754.23 226.501 0
1737.48 226.827 0
1719.48 227.338 0
1703.26 228.146 0
1684.96 229.389 0
1667.06 230.482 0
1648.97 231.115 0
1631.2 231.36 0
1612.58 231.374 0
1594.41 231.278 0
1575.39 231.196 0
1557.06 231.361 0
1538.12 232.054 0
1519.88 233.099 0
1501.5 234.072 0
1483.02 234.875 0
1464.48 235.948 0
1446.8 237.406 0
1427.55 238.968 0
1408.48 239.963 0
1389.54 240.311 0
1370.4 240.184 0
1351.41 240.658 0
1333.84 242.655 0
1315.08 245.694 0
1297.71 247.83 0
1278.41 248.657 0
1258.32 247.986 0
1239.34 246.741 0
1220.75 246.44 0
1203.46 247.516 0
1184.83 249.157 0
1166.74 250.287 0
1148.16 250.685 0
1128.54 250.248 0
1109.29 249.695 0
1092.58 249.839 0
1074.46 250.738 0
1057.36 252.044 0
1039.98 253.445 0
1021.77 254.422 0
1003.67 254.636 0
986.777 254.701 0
968.352 255.317 0
952.523 256.602 0
936.701 258.752 0
920.91 261.216 0
905.181 262.654 0
887.602 261.854 0
868.617 259.435 0
851.825 257.754 0
834.714 257.476 0
819.37 258.855 0
803.979 261.625 0
789.947 264.322 0
774.207 266.283 0
759.173 266.902 0
743.197 267.003 0
726.835 267.27 0
712.097 267.797 0
697.804 268.56 0
682.588 269.516 0
667.328 270.283 0
652.661 270.525 0
637.005 270.38 0
621.42 270.313 0
610.02 270.583 0
596.741 271.373 0
581.664 273.002 0
567.99 275.135 0
555.355 277.139 0
542.876 278.54 0
528.549 278.824 0
512.202 277.647 0
498.274 275.891 0
483.078 273.784 0
469.098 272.313 0
456.927 271.89 0
442.994 272.633 0
430.878 274.104 0
421.65 275.578 0
410.491 277.59 0
401.987 279.148 0
392.31 280.785 0
379.233 282.476 0
367.435 283.264 0
356.324 283.491 0
344.978 283.413 0
335.439 283.253 0
327.224 283.128 0
314.524 283.056 0
301.163 283.285 0
289.162 283.866 0
278.575 284.573 0
269.639 285.189 0
259.225 285.797 0
250.599 286.11 0
240.837 286.155 0
233.135 285.891 0
222.526 284.991 0
209.135 282.845 0