504.753 716.563 0
511.302 716.668 0
520.216 716.77 0
530.823 716.779 0
538.492 716.746 0
548.155 716.796 0
555.156 717.028 0
560.237 717.356 0
567.976 718.14 0
569.512 718.339 0
574.663 719.094 0
578.371 719.703 0
581.047 720.162 0
582.95 720.495 0
588.358 721.441 0
592.254 722.104 0
599.062 723.163 0
603.999 723.819 0
607.529 724.231 0
614.059 724.878 0
622.726 725.563 0
632.92 726.328 0
640.322 727.009 0
649.561 728.175 0
656.263 729.284 0
664.978 731.038 0
667.433 731.57 0
669.166 731.948 0
674.255 733.052 0
677.909 733.821 0
684.351 735.103 0
688.992 735.946 0
696.143 737.113 0
701.301 737.883 0
705.023 738.414 0
707.678 738.785 0
717.08 740.103 0
727.615 741.695 0
735.274 742.986 0
740.817 743.976 0
748.505 745.359 0
757.713 747.002 0
771.626 749.661 0
781.726 751.993 0
785.433 752.93 0
788.087 753.612 0
793.578 755.026 0
797.517 756.017 0
803.92 757.529 0
819.14 760.46 0
833.665 762.857 0
840.711 764.064 0
849.27 765.607 0
851.978 766.111 0
860.809 767.812 0
870.617 769.837 0
877.711 771.415 0
879.384 771.803 0
883.97 772.902 0
887.255 773.719 0
892.979 775.205 0
900.471 777.27 0
905.875 778.852 0
909.77 780.042 0
915.889 781.968 0
916.94 782.3 0
920.985 783.569 0
923.876 784.457 0
929.267 786.053 0
936.431 788.059 0
944.878 790.27 0
950.978 791.795 0
955.368 792.868 0
961.766 794.371 0
966.371 795.372 0
969.657 796.031 0
975.227 797.067 0
982.441 798.341 0
990.829 800.036 0
996.875 801.806 0
1004.39 805.09 0
1006.64 806.346 0
1008.21 807.302 0
1009.29 808.001 0
1010.03 808.499 0
1016.8 813.657 0
1018.53 815.067 0
1016.58 813.48 0
1018.26 814.851 0
1022.58 818.308 0
1028.79 822.617 0
1030.13 823.391 0
1027.91 822.081 0
1029.38 822.966 0
1030.39 823.532 0
1027.93 822.091 0
1026.08 820.873 0
1027.8 822.01 0
1029.01 822.75 0
1029.84 823.226 0
1030.38 823.528 0
1030.72 823.711 0
1030.92 823.813 0
1031 823.858 0
1031.01 823.863 0
1027.82 822.023 0
1028.59 822.495 0
1029.1 822.798 0
1029.42 822.985 0
1035.83 825.972 0
1040.46 827.173 0
1037.55 826.516 0
1041.61 827.338 0
1044.51 827.543 0
1049.66 827.302 0
1053.35 826.804 0
1059.06 825.795 0
1066.2 824.406 0
1074.38 822.925 0
1083.28 821.586 0
1089.72 820.759 0
1100.29 819.544 0
1110.88 818.338 0
1121.46 817.006 0
1132.01 815.439 0
1142.52 813.555 0
1152.97 811.329 0
1160.52 809.563 0
1165.96 808.252 0
1169.86 807.306 0
1181.11 804.607 0
1189.25 802.63 0
1192.31 801.865 0
1197.28 800.596 0
1200.84 799.674 0
1208.92 797.553 0
1214.74 796.054 0
1216.14 795.703 0
1219.87 794.797 0
1228.01 792.958 0
1236.6 791.228 0
1242.79 790.075 0
1252.62 788.259 0
1259.72 786.868 0
1267.49 785.198 0
1273.09 783.898 0
1279.74 782.262 0
1287.15 780.346 0
1295.1 778.205 0
1300.82 776.606 0
1307.53 774.644 0
1314.92 772.36 0
1320.24 770.668 0
1324.05 769.447 0
1329.32 767.793 0
1333.08 766.679 0
1335.75 765.941 0
1340.18 764.825 0
1345.88 763.565 0
1357.5 761.356 0
1365.89 759.452 0
1371.94 757.523 0
1376.28 755.74 0
1379.37 754.23 0
1379.04 754.4 0
1381.22 753.216 0
1382.74 752.329 0
1386.25 750.072 0
1391.2 746.429 0
1394.75 743.51 0
1397.26 741.301 0
1401.47 737.489 0
1402.03 736.989 0
1404.81 734.503 0
1404.32 734.936 0
1403.9 735.311 0
1403.52 735.647 0
1403.18 735.952 0
1402.87 736.231 0
1405.03 734.312 0
1408.98 731.012 0
1406.91 732.702 0
1405.33 734.048 0
1404.12 735.11 0
1405.64 733.782 0
1404.24 735.005 0
1405.62 733.803 0
1409 730.995 0
1411.42 729.174 0
1413.13 727.984 0
1416.75 725.746 0
1419.34 724.377 0
1423.58 722.559 0
1429.03 720.976 0
1432.94 720.243 0
1438.13 719.61 0
1441.85 719.285 0
1446.89 718.955 0
1450.51 718.781 0
1455.45 718.606 0
1459 718.52 0
1461.54 718.481 0
1463.34 718.466 0
1469.27 718.5 0
1475.85 718.691 0
1482.9 719.048 0
1490.28 719.552 0
1495.6 719.964 0
1501.71 720.453 0
1506.1 720.811 0
1511.51 721.259 0
1519.88 721.984 0
1523.69 722.341 0
1528.65 722.841 0
1532.21 723.225 0
1534.76 723.508 0
1538.77 723.959 0
1546.05 724.751 0
1551.3 725.281 0
1559.42 726.008 0
1567.44 726.622 0
1575.38 727.19 0
1583.24 727.777 0
1588.91 728.251 0
1595.11 728.84 0
1601.67 729.56 0
1606.4 730.146 0
1611.88 730.895 0
1617.9 731.798 0
1622.23 732.488 0
1625.32 732.99 0
1633.7 734.327 0
1641.78 735.529 0
1649.64 736.582 0
1657.32 737.534 0
1662.86 738.216 0
1670.83 739.281 0
1676.58 740.18 0
1684.66 741.713 0
1690.48 743.036 0
1694.66 744.094 0
1697.64 744.887 0
1699.74 745.459 0
1701.21 745.861 0
1706.12 747.207 0
1711.58 748.671 0
1717.42 750.174 0
1723.53 751.646 0
1727.92 752.644 0
1732.96 753.747 0
1738.47 754.916 0
1746.18 756.538 0
1751.74 757.726 0
1753.85 758.181 0
1757.19 758.9 0
1761.43 759.795 0
1764.46 760.414 0
1770.3 761.548 0
1776.34 762.622 0
1782.5 763.604 0
1786.92 764.245 0
1791.9 764.915 0
1797.28 765.595 0
1802.93 766.294 0
1808.77 767.043 0
1814.75 767.865 0
1819.04 768.494 0
1822.09 768.962 0
1829.54 770.172 0
1834.9 771.096 0
1840.49 772.095 0
1846.23 773.17 0
1850.35 773.981 0
1855.01 774.948 0
1860.06 776.049 0
1865.38 777.253 0
1867.48 777.738 0
1868.94 778.076 0
1871.65 778.701 0
1875.26 779.513 0
1877.82 780.067 0
1882.99 781.091 0
1886.71 781.731 0
1891.02 782.376 0
1895.77 782.959 0
1899.17 783.296 0
1903.24 783.624 0
1907.8 783.913 0
1911.06 784.081 0
1916.64 784.318 0
1920.65 784.457 0
1925.14 784.595 0
1929.96 784.73 0
1935.03 784.847 0
1938.66 784.908 0
1942.84 784.946 0
1947.43 784.94 0
1950.71 784.9 0
1953.04 784.852 0
1954.67 784.808 0
1957.4 784.713 0
1959.32 784.631 0
1963.81 784.393 0
1967.02 784.185 0
1970.88 783.894 0
1975.19 783.514 0
1982.89 782.642 0
1991.5 781.301 0
1997.72 780.055 0
2000.68 779.377 0
2002.79 778.864 0
2005.78 778.102 0
2007.91 777.544 0
2010.91 776.742 0
2014.55 775.767 0
2018.66 774.686 0
2023.08 773.549 0
2027.74 772.394 0
2035.48 770.582 0
2039.62 769.657 0
2044.04 768.686 0
2048.67 767.682 0
2053.44 766.663 0
2058.3 765.645 0
2063.23 764.636 0
2071.05 763.065 0
2078.1 761.643 0
2084.59 760.297 0
2089.27 759.28 0
2096.8 757.552 0
2102.24 756.247 0
2107.52 754.948 0
2111.32 754.012 0
2116.77 752.691 0
2120.69 751.772 0
2126.2 750.536 0
2131.51 749.412 0
2138 748.129 0
2142.68 747.249 0
2147.36 746.386 0
2154.67 745.025 0
2161.25 743.708 0
2168.59 742.062 0
2173.89 740.766 0
2177.7 739.789 0
2181.72 738.736 0
2187.15 737.318 0
2193.6 735.735 0
2202.01 733.903 0
2211.81 732.093 0
2220.13 730.748 0
2224.89 730.015 0
2230.77 729.115 0
2236.21 728.259 0
2248.5 726.067 0
2252.64 725.188 0
2255.6 724.515 0
2262.47 722.866 0
2265.04 722.232 0
2264.44 722.379 0
2271.07 720.755 0
2282.78 718.174 0
2286.65 717.453 0
2282.36 718.257 0
2279.16 718.909 0
2282.66 718.199 0
2295.44 716.032 0
2315.71 713.722 0
2332.58 712.827 0
2346.95 711.986 0
2350.92 711.672 0
2349.35 711.799 0
2322.69 713.25 0
2318.5 713.512 0
2322.17 713.279 0
2330.33 712.914 0
2338.4 712.561 0
2346.4 712.029 0
2352.17 711.57 0
2356.31 711.24 0
2358.19 711.105 0
2360.57 710.958 0
2361.16 710.927 0
2363.68 710.827 0
2366.52 710.789 0
2372.77 711.048 0
2378.3 711.634 0
2384.36 712.574 0
2388.71 713.391 0
2390.77 713.808 0
2394.29 714.546 0
2396.78 715.082 0
2401.62 716.131 0
2409.14 717.785 0
2414.55 719.001 0
2420.44 720.354 0
2423.66 721.114 0
2428.93 722.392 0
2434.68 723.822 0
2439.77 725.092 0
2444.39 726.225 0
2450.6 727.692 0
2456.97 729.106 0
2467.23 731.194 0
2476.52 733.045 0
2483.21 734.451 0
2489.84 735.964 0
2496.45 737.601 0
2502.11 739.104 0
2508.87 741.003 0
2515.5 742.933 0
2521.14 744.597 0
2526.96 746.309 0
2532.89 748.028 0
2538.88 749.75 0
2545.77 751.767 0
2552.42 753.816 0
2557.19 755.379 0
2563.13 757.474 0
2569.07 759.729 0
2574.15 761.768 0
2577.76 763.268 0
2581.13 764.694 0
2586.82 767.124 0
2593.34 769.882 0
2598 771.821 0
2604.54 774.476 0
2610.81 776.947 0
2616.08 778.968 0
2622.99 781.539 0
2631.82 784.789 0
2638.17 787.182 0
2645.76 790.185 0
2651.94 792.798 0
2658.62 795.768 0
2662.63 797.604 0
2666.95 799.604 0
2672.24 802.073 0
2678.94 805.223 0
2685.91 808.538 0
2689.46 810.257 0
2695.51 813.279 0
2701.23 816.241 0
2706.73 819.169 0
2712.76 822.434 0
2717.74 825.139 0
2721.95 827.394 0
2726.31 829.674 0
2731.45 832.27 0
2737.14 834.994 0
2743.21 837.712 0
2749.54 840.408 0
2754.72 842.561 0
2760.37 844.914 0
2767 847.765 0
2773.02 850.49 0
2777.31 852.506 0
2780.97 854.273 0
2784.83 856.174 0
2789.43 858.477 0
2793.96 860.759 0
2798.42 863.002 0
2803.44 865.513 0
2807.62 867.591 0
2810.57 869.04 0
2814.46 870.936 0
2818.41 872.822 0
2823.01 874.951 0
2827.48 876.927 0
2831.83 878.75 0
2837.85 881.071 0
2842.15 882.571 0
2844.63 883.371 0
2849.84 884.9 0
2855.28 886.267 0
2885.63 890.89 0
2909.69 893.639 0
2917.55 894.48 0
2935.28 895.818 0
2949.57 896.098 0
2962.33 895.704 0
2972.99 894.883 0
2981.63 893.862 0
2988.79 892.742 0
2995.34 891.487 0
2955.69 890.349 0
2949.21 888.785 0
2937.11 886.279 0
2930.33 884.742 0
2924.94 883.051 0
2923.1 881.349 0
2925.35 879.778 0
2931.33 878.138 0
2943.17 876.082 0
2958.68 874.03 0
2976 872.056 0
2994.01 870.144 0
3015.2 867.921 0
3035.03 865.734 0
3054.56 863.382 0
3073.07 860.863 0
3091.07 857.906 0
3103.38 855.229 0
3111.57 852.475 0
3115.3 849.954 0
3116.53 847.514 0
3116.5 844.907 0
3116.34 842.44 0
3117.45 839.622 0
3124.19 835.315 0
3131.46 832.33 0
3139.09 829.493 0
3147.37 826.242 0
3153.92 822.898 0
3158.34 819.638 0
3162.26 815.646 0
3166.26 811.333 0
3171.17 807.238 0
3176.65 803.332 0
3183.75 798.334 0
3188.63 794.41 0
3192.65 790.638 0
3197.03 786.088 0
3201.23 781.739 0
3205.5 777.541 0
3209.47 773.607 0
3213.38 769.419 0
3216.6 765.368 0
3219.24 761.537 0
3222.11 757.03 0
3224.88 752.758 0
3228.09 747.926 0
3230.83 743.262 0
3232.72 738.816 0
3233.88 733.927 0
3234.5 729.393 0
3235.13 724.729 0
3236.01 719.996 0
3237.11 715.29 0
3238.33 710.734 0
3239.72 706.091 0
3241.12 701.883 0
3242.81 697.361 0
3244.62 692.871 0
3246.47 688.047 0
3247.86 683.372 0
3248.65 678.949 0
3249.04 673.785 0
3249.06 669.029 0
3248.94 664.058 0
3248.92 658.863 0
3249.26 653.835 0
3249.94 648.931 0
3250.61 644.308 0
3251.07 638.864 0
3251.09 633.896 0
3250.93 628.513 0
3250.77 623.068 0
3250.41 618.063 0
3249.37 612.68 0
3247.52 607.362 0
3245.57 602.325 0
3244.04 596.973 0
3243.27 591.839 0
3242.73 587.129 0
3241.89 582.317 0
3240.69 577.201 0
3239.65 572.6 0
3238.89 567.669 0
3238.36 562.613 0
3237.66 557.79 0
3236.34 552.841 0
3234.33 547.486 0
3232.14 542.346 0
3230.04 537.512 0
3227.52 532.131 0
3224.72 527.028 0
3221.67 522.125 0
3218.36 516.717 0
3215.76 511.609 0
3213.76 506.683 0
3211.99 501.973 0
3210.22 497.636 0
3208.22 493.441 0
3205.54 488.728 0
3201.84 483.422 0
3198.22 478.779 0
3194.96 474.443 0
3192.21 470.086 0
3189.97 465.706 0
3187.82 461.404 0
3185.57 457.576 0
3182.6 453.566 0
3178.21 448.485 0
3173.72 443.576 0
3169.89 439.287 0
3165.94 434.614 0
3162.37 430.074 0
3159.04 425.482 0
3156.23 421.617 0
3153.13 417.708 0
3148.95 413.26 0
3144.23 408.938 0
3139.54 404.954 0
3133.93 400.276 0
3128.92 396.013 0
3123.76 391.571 0
3118.83 387.326 0
3114.32 383.493 0
3109.19 379.272 0
3103.41 374.754 0
3097.24 370.26 0
3090.41 365.566 0
3083.69 361.063 0
3076.28 356.066 0
3071.15 352.431 0
3065.86 348.314 0
3061.34 344.096 0
3057.62 339.857 0
3054.35 336.278 0
3048.85 331.711 0
3041.95 327.745 0
3032.83 323.525 0
3024.34 319.846 0
3018.13 317.071 0
3012.91 314.549 0
3008.01 312.031 0
3003.18 309.511 0
2995.46 306.195 0
2991.06 304.276 0
2986.42 302.297 0
2982.08 300.513 0
2977.95 298.877 0
2972.39 296.774 0
2966.82 294.768 0
2960.7 292.684 0
2954.19 290.588 0
2934.65 284.769 0
2919.29 280.279 0
2905.8 276.388 0
2894.26 273.204 0
2884.7 270.757 0
2874.79 268.477 0
2866.38 266.745 0
2859.68 265.468 0
2851.79 264.053 0
2844.23 262.743 0
2835.63 261.237 0
2827.5 259.726 0
2819.06 258.007 0
2811.02 256.2 0
2803.92 254.454 0
2796.84 252.565 0
2789.75 250.583 0
2782.62 248.579 0
2775.45 246.632 0
2767.56 244.655 0
2761.84 243.374 0
2755.65 242.163 0
2747.69 240.924 0
2742.59 240.32 0
2732.47 239.445 0
2716.15 238.457 0
2701.27 237.488 0
2686.61 236.105 0
2669.64 234.063 0
2653.27 231.977 0
2642.22 230.684 0
2631.77 229.598 0
2622.57 228.715 0
2611.73 227.717 0
2605.58 227.147 0
2596.11 226.229 0
2588.41 225.429 0
2579.42 224.457 0
2571.18 223.574 0
2566.99 223.141 0
2556.04 222.098 0
2547.22 221.387 0
2542.69 221.08 0
2530.26 220.428 0
2518.44 219.946 0
2507.04 219.479 0
2494.01 218.922 0
2483.6 218.476 0
2475.13 218.128 0
2468.06 217.86 0
2461 217.62 0
2454.92 217.442 0
2444.53 217.208 0
2430.86 217.073 0
2421.99 217.12 0
2412.47 217.324 0
2403.48 217.651 0
2395.96 217.95 0
2385.17 218.273 0
2377.39 218.362 0
2370.73 218.35 0
2361.57 218.223 0
2352.76 218.014 0
2344.18 217.792 0
2338 217.657 0
2329.04 217.545 0
2322.59 217.505 0
2315.69 217.461 0
2303.7 217.287 0
2289.07 216.949 0
2274.83 216.745 0
2263.31 216.799 0
2254.99 217.001 0
2247.8 217.28 0
2243.88 217.458 0
2228.5 218.198 0
2209.56 218.98 0
2195.83 219.471 0
2183.27 219.863 0
2171.55 220.165 0
2163.1 220.324 0
2154.34 220.42 0
2148.07 220.443 0
2140.87 220.457 0
2130.21 220.554 0
2123.93 220.707 0
2116.67 220.998 0
2110.08 221.372 0
2102.53 221.933 0
2095.7 222.555 0
2080.66 223.977 0
2069.79 224.709 0
2053.01 225.063 0
2040.9 224.78 0
2019.8 224.13 0
2002.94 224.341 0
1992.33 224.953 0
1983.13 225.681 0
1973.35 226.442 0
1966.34 226.872 0
1959.74 227.186 0
1951.83 227.472 0
1942.93 227.718 0
1929.91 228.049 0
1915.48 228.607 0
1903.37 229.251 0
1891.23 229.866 0
1880.78 230.278 0
1869.8 230.602 0
1858.4 230.836 0
1850.21 230.933 0
1842.59 230.963 0
1831.78 230.906 0
1820.41 230.756 0
1806.72 230.529 0
1798.71 230.446 0
1787.43 230.498 0
1775.57 230.78 0
1767.04 231.047 0
1760.94 231.234 0
1754.73 231.395 0
1742.64 231.534 0
1730.05 231.324 0
1719.03 231.026 0
1707.15 230.913 0
1698.61 231.036 0
1686.48 231.443 0
1677.76 231.852 0
1665.39 232.469 0
1656.5 232.847 0
1646.01 233.169 0
1636.39 233.334 0
1629.51 233.371 0
1616.14 233.291 0
1604.37 233.117 0
1593.76 232.945 0
1581.79 232.831 0
1573.19 232.836 0
1560.42 232.946 0
1549 233.101 0
1536.29 233.263 0
1527.16 233.329 0
1518.35 233.342 0
1507.47 233.298 0
1497.35 233.215 0
1483.08 233.096 0
1472.81 233.059 0
1465.45 233.041 0
1455.46 232.968 0
1443.49 232.744 0
1430.03 232.357 0
1417.89 231.975 0
1404.21 231.686 0
1391.87 231.701 0
1380.5 231.897 0
1372.34 232.086 0
1366.53 232.229 0
1359.89 232.399 0
1350.08 232.656 0
1340.48 232.919 0
1333.62 233.144 0
1323.53 233.584 0
1316.32 233.989 0
1305.92 234.597 0
1298.49 234.964 0
1287.86 235.26 0
1280.23 235.24 0
1269.4 234.777 0
1250.59 233.327 0
1234.2 232.936 0
1225.18 233.342 0
1218.77 233.917 0
1217.04 234.108 0
1213.12 234.576 0
1207.6 235.268 0
1198.06 236.303 0
1182.6 236.788 0
1168.52 236.326 0
1155.46 235.76 0
1146.09 235.389 0
1136.45 235.08 0
1126.59 234.801 0
1116.53 234.467 0
1106.31 234.129 0
1092.91 234.47 0
1083.27 235.77 0
1076.4 237.113 0
1071.56 238.152 0
1068.19 238.879 0
1062.78 239.991 0
1065.11 239.523 0
1057.71 240.932 0
1052.44 241.775 0
1045.6 242.612 0
1034.43 243.203 0
1035.88 243.183 0
1027.61 243.118 0
1018.53 242.678 0
1002.37 241.587 0
987.452 240.424 0
976.695 239.515 0
965.665 238.789 0
951.081 238.609 0
943.954 238.846 0
935.553 239.33 0
932.922 239.516 0
931.13 239.649 0
923.224 240.231 0
920.975 240.382 0
919.47 240.475 0
908.307 240.858 0
893.393 240.452 0
879.16 239.843 0
872.421 239.652 0
864.153 239.476 0
854.73 239.302 0
844.454 239.086 0
833.515 238.77 0
822.082 238.296 0
810.263 237.68 0
805.386 237.4 0
791.03 236.596 0
776.982 236.098 0
766.895 236.052 0
759.699 236.184 0
754.559 236.361 0
743.469 236.953 0
739.278 237.23 0
725.011 238.256 0
722.345 238.443 0
716.759 238.801 0
720.363 238.577 0
707.924 239.203 0
695.119 239.227 0
681.999 238.705 0
664.681 237.927 0
652.193 237.662 0
643.229 237.722 0
640.796 237.765 0
631.217 237.962 0
624.354 238.059 0
611.397 238.003 0
606.144 237.909 0
594.32 237.615 0
581.725 237.306 0
572.64 237.199 0
566.183 237.219 0
561.598 237.277 0
554.228 237.426 0
549.02 237.56 0
541.186 237.787 0
527.154 238.326 0
517.064 238.897 0
505.57 239.712 0
497.357 240.311 0
491.491 240.706 0
483.043 241.156 0
477.004 241.341 0
468.371 241.319 0
444.434 239.509 0
418.021 236.179 0
398.855 233.697 0
385.034 232.172 0
370.477 231.119 0
360.077 230.935 0
347.98 231.536 0
339.32 232.624 0
333.138 233.758 0
333.409 233.704 0
333.74 233.637 0
338.718 232.723 0
333.223 233.741 0
329.369 234.558 0
322.055 236.239 0
316.872 237.455 0
317.925 237.21 0
318.784 237.009 0
310.212 238.938 0
304.106 240.151 0
295.006 241.606 0
288.515 242.32 0
279.095 242.81 0
272.339 242.816 0
267.527 242.679 0
259.32 242.239 0
248.532 241.376 0
230.914 239.59 0
213.166 237.676 0