500.248 743.296 0
504.077 742.04 0
507.809 741.128 0
513.112 740.311 0
518.593 739.967 0
523.329 739.912 0
527.044 739.899 0
531.363 739.795 0
535.927 739.516 0
540.002 739.095 0
543.24 738.63 0
547.503 737.849 0
551.548 736.966 0
554.771 736.193 0
558.542 735.24 0
562.89 734.112 0
566.822 733.102 0
569.969 732.323 0
573.688 731.459 0
576.683 730.823 0
580.946 730.033 0
584.828 729.456 0
589.247 728.961 0
593.894 728.572 0
598.705 728.243 0
602.51 727.985 0
607.349 727.581 0
611.178 727.144 0
616.029 726.385 0
620.357 725.521 0
623.674 724.747 0
628.295 723.529 0
631.061 722.756 0
634.792 721.709 0
638.944 720.605 0
642.778 719.696 0
647.007 718.841 0
651.034 718.191 0
655.403 717.68 0
660.023 717.311 0
664.946 717.025 0
670.456 716.728 0
674.317 716.484 0
678.565 716.141 0
681.507 715.839 0
685.088 715.393 0
689.135 714.788 0
694.118 713.899 0
698.694 712.975 0
701.783 712.331 0
704.383 711.798 0
708.807 710.955 0
712.883 710.306 0
716.802 709.858 0
721.101 709.629 0
725.767 709.724 0
730.693 710.126 0
735.886 710.758 0
740.451 711.391 0
745.71 712.099 0
751.053 712.68 0
755.325 713.025 0
759.945 713.309 0
764.187 713.517 0
767.166 713.653 0
771.83 713.898 0
776.725 714.259 0
781.178 714.709 0
785.915 715.282 0
790.854 715.941 0
794.901 716.488 0
799.282 717.038 0
803.906 717.517 0
808.709 717.882 0
813.149 718.151 0
816.792 718.36 0
819.855 718.549 0
824.055 718.851 0
828.088 719.208 0
832.49 719.7 0
837.153 720.332 0
841.464 720.985 0
845.543 721.636 0
849.454 722.291 0
854.227 723.176 0
858.151 724.016 0
862.453 725.083 0
866.525 726.236 0
871.425 727.805 0
875.929 729.407 0
881.126 731.37 0
885.843 733.178 0
890.212 734.813 0
894.809 736.449 0
899.08 737.857 0
903.597 739.209 0
907.337 740.249 0
911.478 741.354 0
914.933 742.267 0
918.396 743.209 0
922.316 744.361 0
927.029 745.944 0
931.388 747.646 0
935.917 749.612 0
940.108 751.555 0
944.08 753.464 0
948.826 755.776 0
953.239 757.906 0
957.333 759.824 0
961.633 761.763 0
967.125 764.116 0
972.955 766.448 0
977.686 768.214 0
982.421 769.87 0
986.781 771.299 0
991.348 772.705 0
996.005 774.052 0
1000.79 775.372 0
1005.66 776.717 0
1010.12 778.007 0
1013.31 778.99 0
1016.96 780.178 0
1020.93 781.561 0
1025.6 783.317 0
1030.79 785.38 0
1035.87 787.441 0
1040.46 789.285 0
1044.71 790.948 0
1048.71 792.466 0
1052.91 794 0
1057.72 795.686 0
1062.6 797.321 0
1067.43 798.874 0
1071.85 800.248 0
1076.43 801.644 0
1081.51 803.171 0
1086.47 804.666 0
1090.98 806.048 0
1095.62 807.516 0
1099.54 808.788 0
1105.65 810.83 0
1112.28 813.096 0
1117.65 814.897 0
1121.98 816.282 0
1126.84 817.742 0
1131.26 818.973 0
1136.17 820.223 0
1141.1 821.367 0
1146.05 822.431 0
1150.21 823.278 0
1154.45 824.101 0
1158.9 824.924 0
1164.45 825.889 0
1169.53 826.666 0
1174.11 827.238 0
1178.16 827.621 0
1182.47 827.908 0
1187.59 828.107 0
1192.66 828.167 0
1197.41 828.107 0
1201.75 827.958 0
1206.27 827.72 0
1211.09 827.402 0
1215.48 827.081 0
1220.33 826.711 0
1224.46 826.382 0
1228.83 826.02 0
1233.36 825.615 0
1238.5 825.082 0
1243.13 824.493 0
1247.58 823.799 0
1252.18 822.933 0
1256.42 821.987 0
1260.33 820.988 0
1264.82 819.711 0
1268.7 818.512 0
1273.11 817.074 0
1277.69 815.527 0
1281.67 814.176 0
1285.93 812.745 0
1290.41 811.288 0
1295.5 809.716 0
1300.11 808.384 0
1305.09 807.018 0
1309.61 805.812 0
1314.77 804.422 0
1319.43 803.113 0
1323.96 801.741 0
1328.65 800.184 0
1333.7 798.345 0
1337.81 796.731 0
1342.44 794.789 0
1346.49 793.012 0
1350.61 791.161 0
1355.98 788.722 0
1360.58 786.647 0
1365.11 784.647 0
1369.33 782.845 0
1373.82 780.994 0
1378.05 779.293 0
1382.77 777.445 0
1387.61 775.57 0
1392.14 773.813 0
1396.64 772.033 0
1401.05 770.262 0
1405.28 768.549 0
1409.78 766.713 0
1413.99 764.997 0
1418.78 763.057 0
1423.5 761.172 0
1427.87 759.464 0
1432.3 757.79 0
1436.95 756.102 0
1441.6 754.491 0
1446.42 752.876 0
1450.68 751.479 0
1455.41 749.931 0
1460.3 748.28 0
1464.62 746.739 0
1468.87 745.18 0
1473.24 743.587 0
1477.38 742.146 0
1481.5 740.819 0
1485.79 739.608 0
1490.37 738.564 0
1494.84 737.801 0
1500.37 737.13 0
1505 736.725 0
1509.82 736.342 0
1514.64 735.857 0
1519.6 735.11 0
1524.39 734.109 0
1528.83 732.943 0
1533.02 731.647 0
1537.91 729.972 0
1542.29 728.413 0
1546.82 726.838 0
1551.72 725.267 0
1556.63 723.917 0
1560.66 723.034 0
1565.07 722.302 0
1569.75 721.766 0
1574.75 721.433 0
1579.86 721.259 0
1584.44 721.153 0
1588.84 721.021 0
1592.9 720.837 0
1597.34 720.537 0
1602.04 720.073 0
1606.94 719.446 0
1611.89 718.699 0
1616.47 717.946 0
1620.16 717.338 0
1623.82 716.775 0
1628.48 716.167 0
1632.93 715.721 0
1637.57 715.388 0
1642.51 715.17 0
1647.08 715.074 0
1651.37 715.056 0
1655.47 715.087 0
1660.31 715.19 0
1664.88 715.38 0
1669.82 715.717 0
1674.32 716.146 0
1678.57 716.646 0
1682.69 717.205 0
1687.69 717.967 0
1692.81 718.824 0
1698.06 719.766 0
1702.82 720.668 0
1707.29 721.565 0
1711.51 722.458 0
1715.59 723.353 0
1720.01 724.343 0
1724.22 725.294 0
1728.8 726.308 0
1734.14 727.42 0
1738.95 728.312 0
1743.44 729.041 0
1748.17 729.702 0
1752.61 730.229 0
1757.32 730.697 0
1762.21 731.102 0
1766.23 731.385 0
1770.12 731.634 0
1774.95 731.938 0
1779.94 732.284 0
1785.04 732.693 0
1789.73 733.125 0
1794.62 733.651 0
1798.65 734.184 0
1802.53 734.827 0
1806.83 735.728 0
1811.44 736.933 0
1816.22 738.422 0
1820.64 739.999 0
1824.84 741.641 0
1828.84 743.288 0
1833.18 745.126 0
1837.81 747.1 0
1842.65 749.17 0
1847.09 751.068 0
1851.25 752.825 0
1855.22 754.471 0
1859.54 756.192 0
1864.09 757.917 0
1868.86 759.619 0
1873.79 761.264 0
1878.33 762.697 0
1882.53 764.006 0
1886.55 765.289 0
1890.98 766.791 0
1895.54 768.446 0
1900.18 770.258 0
1905.07 772.306 0
1909.44 774.189 0
1914 776.128 0
1918.33 777.887 0
1923.35 779.766 0
1927.87 781.265 0
1932.18 782.502 0
1936.68 783.616 0
1940.9 784.532 0
1945.59 785.448 0
1950.17 786.286 0
1955.04 787.174 0
1959.43 788.014 0
1964.07 788.944 0
1968.28 789.82 0
1972.4 790.693 0
1976.83 791.62 0
1981.28 792.492 0
1985.46 793.215 0
1989.93 793.854 0
1994.13 794.297 0
1998.74 794.579 0
2003.66 794.646 0
2008.06 794.528 0
2012.57 794.259 0
2017.56 793.818 0
2022 793.322 0
2026.31 792.772 0
2031.03 792.114 0
2035.41 791.468 0
2039.9 790.791 0
2044.62 790.067 0
2049 789.372 0
2053.93 788.555 0
2058.62 787.743 0
2063.34 786.906 0
2068.07 786.053 0
2073.12 785.125 0
2077.91 784.216 0
2082.85 783.242 0
2087.57 782.287 0
2092.47 781.289 0
2097.49 780.265 0
2102.11 779.312 0
2106.92 778.287 0
2111.57 777.258 0
2117.11 775.971 0
2122.1 774.752 0
2126.69 773.583 0
2130.99 772.456 0
2135.28 771.307 0
2140.07 770.005 0
2145.03 768.648 0
2149.61 767.401 0
2153.9 766.238 0
2158.2 765.076 0
2162.09 764.026 0
2166.82 762.751 0
2171.97 761.389 0
2176.98 760.111 0
2181.82 758.918 0
2187.06 757.643 0
2190.36 756.833 0
2193.96 755.924 0
2197.55 754.967 0
2201.89 753.712 0
2206.26 752.308 0
2211.69 750.381 0
2216.63 748.49 0
2222.99 745.912 0
2228.88 743.453 0
2234.15 741.241 0
2239.23 739.121 0
2244.18 737.078 0
2249.56 734.897 0
2254.46 732.962 0
2259.55 731.034 0
2264.52 729.241 0
2269.13 727.666 0
2273.76 726.178 0
2278.13 724.863 0
2282.83 723.542 0
2287.25 722.388 0
2292.28 721.171 0
2296.94 720.125 0
2302.15 719.035 0
2306.65 718.143 0
2311.76 717.155 0
2316.17 716.302 0
2321.53 715.241 0
2326.44 714.224 0
2331.55 713.106 0
2335.95 712.102 0
2340.8 710.962 0
2345.66 709.812 0
2350.75 708.657 0
2355.66 707.641 0
2360.57 706.75 0
2365.7 705.969 0
2370.1 705.422 0
2375.53 704.908 0
2380.15 704.605 0
2385.05 704.412 0
2389.63 704.328 0
2394.16 704.314 0
2399.36 704.356 0
2404.68 704.45 0
2409.57 704.574 0
2414.31 704.727 0
2420.21 704.982 0
2425.52 705.289 0
2430.55 705.652 0
2435.23 706.049 0
2440.18 706.525 0
2445.17 707.029 0
2449.97 707.497 0
2452.79 707.751 0
2458.07 708.175 0
2463.46 708.519 0
2468.93 708.783 0
2474.46 709.036 0
2479.63 709.335 0
2484.94 709.778 0
2489.94 710.385 0
2495.42 711.324 0
2500.95 712.596 0
2505.8 713.998 0
2508.98 715.045 0
2513.78 716.745 0
2518.91 718.627 0
2523.76 720.404 0
2530.21 722.825 0
2536.01 725.13 0
2540.89 727.214 0
2545.55 729.349 0
2550.46 731.771 0
2554.68 733.943 0
2559.27 736.342 0
2563.69 738.646 0
2568.51 741.15 0
2573.98 743.996 0
2579.1 746.699 0
2584.34 749.58 0
2588.76 752.155 0
2593.48 755.07 0
2597.51 757.677 0
2601.95 760.656 0
2606.28 763.649 0
2610.92 766.914 0
2615.39 770.063 0
2619.67 773.071 0
2624.78 776.67 0
2629.53 780.02 0
2634 783.202 0
2638.81 786.682 0
2643.28 789.982 0
2647.58 793.207 0
2652.21 796.725 0
2657.08 800.443 0
2661.1 803.507 0
2665.52 806.841 0
2670.23 810.328 0
2675.13 813.886 0
2679.19 816.775 0
2683.09 819.513 0
2687.88 822.85 0
2693.34 826.677 0
2697.28 829.509 0
2701.59 832.685 0
2705.68 835.758 0
2709.6 838.741 0
2713.39 841.642 0
2717.59 844.839 0
2722.07 848.211 0
2726.75 851.651 0
2731.08 854.748 0
2735.64 857.941 0
2739.88 860.853 0
2744.87 864.259 0
2749.91 867.72 0
2754.46 870.909 0
2758.7 873.913 0
2762.16 876.375 0
2766.58 879.481 0
2770.15 881.926 0
2773.62 884.223 0
2778.07 886.976 0
2782.67 889.561 0
2787.91 892.224 0
2793.08 894.643 0
2797.71 896.695 0
2802 898.527 0
2806.95 900.601 0
2811.36 902.427 0
2815.43 904.075 0
2820.79 906.168 0
2825.61 907.958 0
2829.9 909.495 0
2834.95 911.25 0
2839.89 912.923 0
2844.32 914.398 0
2848.92 915.916 0
2854.21 917.653 0
2859.29 919.343 0
2864.36 921.068 0
2868.88 922.606 0
2872.44 923.791 0
2877.43 925.38 0
2881.88 926.685 0
2887.52 928.14 0
2892.45 929.177 0
2896.83 929.894 0
2902.45 930.496 0
2906.86 930.706 0
2912.59 930.649 0
2918.14 930.261 0
2923.56 929.611 0
2929.47 928.666 0
2935.75 927.472 0
2941.7 926.21 0
2947.42 924.922 0
2953.57 923.471 0
2960.04 921.879 0
2965.65 920.454 0
2971.75 918.88 0
2977.71 917.319 0
2983.31 915.828 0
2988.43 914.436 0
2994.18 912.838 0
3003.88 910.956 0
3008.66 909.462 0
3016.71 906.82 0
3022.56 904.886 0
3026.96 903.474 0
3030.31 902.436 0
3035.53 900.897 0
3045.12 898.205 0
3049.43 897.025 0
3049.72 896.946 0
3058.58 894.527 0
3067.71 891.966 0
3074.01 890.099 0
3078.35 888.735 0
3083.61 886.944 0
3087.15 885.639 0
3095.28 882.285 0
3098.85 880.642 0
3102.92 878.642 0
3107.27 876.377 0
3110.33 874.725 0
3114.02 872.714 0
3119.58 869.62 0
3126.28 865.725 0
3133.31 861.234 0
3139.89 856.299 0
3144.96 851.864 0
3150.15 846.949 0
3153.92 843.37 0
3167.97 830.385 0
3179.65 819.145 0
3186.95 811.848 0
3193.84 804.752 0
3198.73 799.591 0
3202.99 794.945 0
3207.52 789.767 0
3211.35 785.098 0
3214.62 780.799 0
3218.08 775.846 0
3220.38 772.254 0
3222.49 768.73 0
3225.09 764.324 0
3228.22 759.259 0
3232.67 752.75 0
3235.33 748.977 0
3239.13 743.389 0
3241.7 739.339 0
3244.01 735.449 0
3246.13 731.673 0
3248.54 727.004 0
3250.4 722.649 0
3251.39 719.5 0
3252 716.251 0
3252.19 712.925 0
3252.15 710.529 0
3252.06 708.81 0
3251.99 707.585 0
3251.83 703.742 0
3251.92 699.967 0
3252.36 695.229 0
3252.8 690.789 0
3252.99 687.582 0
3252.96 684.256 0
3251.79 675.667 0
3249.29 667.335 0
3247.66 660.237 0
3247.94 650.825 0
3247.94 646.142 0
3245.7 638.458 0
3243.04 633.978 0
3241.43 631.828 0
3240.16 630.301 0
3238.22 628.149 0
3235.75 625.536 0
3233.98 623.67 0
3231.78 621.262 0
3229.46 618.453 0
3227.41 615.348 0
3225.33 610.916 0
3223.77 606.614 0
3221.62 601.281 0
3219.57 597.434 0
3216.32 592.416 0
3212.79 587.665 0
3209.24 583.102 0
3208.48 582.093 0
3206.38 579.126 0
3203.05 572.396 0
3201.87 566.367 0
3201.3 562.016 0
3199.97 556.545 0
3198.12 551.42 0
3196.39 546.543 0
3194.99 540.648 0
3194.19 533.989 0
3193.71 527.971 0
3192.48 521.191 0
3190.36 516.298 0
3187.07 511.555 0
3184.37 508.148 0
3181.54 504.483 0
3179.07 500.625 0
3176.31 494.111 0
3174.87 488.153 0
3173.9 482.596 0
3172.43 477.324 0
3169.73 472.254 0
3165.85 467.33 0
3162.8 463.8 0
3159.74 459.99 0
3157.12 455.977 0
3154.25 450.494 0
3151.64 445.237 0
3147.71 438.815 0
3145.08 435.52 0
3141.43 431.851 0
3138.29 429.238 0
3134.02 426.06 0
3128.92 422.462 0
3123.55 418.553 0
3120.12 415.762 0
3117.97 413.788 0
3112.99 408.338 0
3110.07 404.423 0
3106.52 398.877 0
3103.55 393.515 0
3101.02 388.273 0
3098.57 383.117 0
3095.02 378.017 0
3091.03 374.359 0
3087.21 371.757 0
3081.46 368.515 0
3076.91 366.211 0
3070.59 363.18 0
3066.04 361.038 0
3062.87 359.532 0
3060.72 358.499 0
3053.63 354.956 0
3046.31 351.003 0
3041.54 348.18 0
3038.44 346.184 0
3034.46 343.345 0
3028.67 338.435 0
3023.98 333.448 0
3021.2 329.871 0
3019.34 327.331 0
3011.98 319.625 0
3008.17 317.039 0
2998.53 312.24 0
2985.9 307.301 0
2994.98 309.74 0
2985.81 306.156 0
2979.7 304.446 0
2973.07 302.689 0
2966.08 300.414 0
2962.38 298.84 0
2957.69 296.416 0
2953.96 294.26 0
2948.39 290.9 0
2944.69 288.718 0
2939.98 286.181 0
2934.55 283.832 0
2928.72 282.311 0
2922.32 281.701 0
2911.74 281.858 0
2902.72 281.706 0
2894.4 280.27 0
2890.91 279.303 0
2886.35 277.805 0
2877.19 274.269 0
2873.13 272.616 0
2869.65 271.212 0
2865.1 269.439 0
2858.3 266.962 0
2851.34 264.702 0
2844.94 262.932 0
2838.28 261.46 0
2829.22 260.021 0
2823.57 259.318 0
2818.21 258.697 0
2810.85 257.783 0
2804.23 256.778 0
2797.4 255.554 0
2790.42 254.154 0
2784.75 252.941 0
2777.15 251.262 0
2771.06 249.893 0
2763.93 248.257 0
2756.75 246.558 0
2750.21 244.946 0
2743.43 243.213 0
2736.49 241.452 0
2729.43 239.801 0
2722.96 238.53 0
2717.62 237.73 0
2709.65 237.016 0
2699.8 236.672 0
2691.97 236.558 0
2684.26 236.36 0
2676.65 235.962 0
2669.06 235.372 0
2660.89 234.532 0
2652.88 233.521 0
2645.69 232.482 0
2638.44 231.362 0
2631.15 230.21 0
2623.15 228.974 0
2614.03 227.64 0
2606.68 226.612 0
2599.92 225.693 0
2593.69 224.857 0
2586.46 223.917 0
2579.79 223.142 0
2571.64 222.417 0
2562.45 222.032 0
2554.33 222.135 0
2545.73 222.581 0
2537.47 223.2 0
2528.91 223.9 0
2517.94 224.664 0
2508.66 225.006 0
2500.43 224.934 0
2492.46 224.512 0
2484.66 223.918 0
2476.31 223.268 0
2468.07 222.801 0
2459.57 222.63 0
2451.22 222.831 0
2442.17 223.524 0
2432.93 224.753 0
2424.69 226.054 0
2415.11 227.427 0
2404.58 228.283 0
2395.62 228.278 0
2386.89 227.607 0
2378.56 226.344 0
2370.28 224.573 0
2362.02 222.607 0
2353.34 220.707 0
2344.63 219.355 0
2336.04 218.749 0
2328.09 218.838 0
2318.97 219.709 0
2309.3 221.458 0
2299.91 223.598 0
2290.45 225.753 0
2280.92 227.49 0
2270.68 228.663 0
2261.63 229.037 0
2252.06 228.703 0
2243.14 227.871 0
2233.68 226.787 0
2225.17 225.936 0
2216.34 225.43 0
2206.6 225.465 0
2196.95 226.251 0
2186.93 227.926 0
2176.44 230.174 0
2166.48 232.197 0
2156.75 233.582 0
2147.6 234.234 0
2138.33 234.251 0
2129.23 233.649 0
2120 232.63 0
2109.99 231.514 0
2100.1 230.876 0
2090.97 230.917 0
2081.72 231.5 0
2071.29 232.696 0
2061.11 234.231 0
2051.31 235.755 0
2041.39 237.03 0
2031.1 237.799 0
2020.68 237.894 0
2011.02 237.298 0
2001.23 236.071 0
1992.35 234.756 0
1982.77 233.55 0
1973.06 232.95 0
1962.74 233.003 0
1952.53 233.571 0
1943.06 234.384 0
1933.72 235.259 0
1923.68 236.037 0
1913.13 236.41 0
1902.3 236.293 0
1892.43 235.89 0
1882.08 235.307 0
1871.25 234.575 0
1860.91 233.755 0
1850.76 232.84 0
1840.81 231.973 0
1831.04 231.345 0
1821.32 231.124 0
1811.72 231.38 0
1801.47 232.189 0
1791.45 233.516 0
1781.61 235.108 0
1771.24 236.618 0
1760.47 237.484 0
1749.43 237.478 0
1739.51 236.893 0
1729 235.891 0
1719.46 234.919 0
1709.36 234.181 0
1699.46 234.09 0
1689.77 234.672 0
1679.46 235.826 0
1669.57 237.248 0
1659.1 238.882 0
1648.39 240.475 0
1638.62 241.671 0
1628.55 242.489 0
1618.46 242.759 0
1608.6 242.37 0
1598.24 241.327 0
1588.04 239.955 0
1578.08 238.582 0
1568.15 237.422 0
1558.56 236.678 0
1549.71 236.463 0
1540.92 236.747 0
1530.52 237.511 0
1521.27 238.346 0
1512.03 239.118 0
1502.13 239.73 0
1493.08 239.989 0
1485.29 239.911 0
1476.24 239.581 0
1466.48 239.261 0
1456.87 239.338 0
1447.61 239.962 0
1438.36 240.975 0
1430.03 242.073 0
1420.56 243.352 0
1412.36 244.315 0
1402.32 245.059 0
1393.56 245.111 0
1383.74 244.513 0
1375.03 243.635 0
1366.86 242.715 0
1358.11 241.842 0
1349.55 241.334 0
1340.52 241.429 0
1332.42 242.281 0
1324.68 243.76 0
1316.9 245.689 0
1309.09 247.838 0
1301.27 249.978 0
1293.76 251.819 0
1286.12 253.282 0
1277.44 254.197 0
1268.65 254.074 0
1258.39 252.801 0
1249.46 251.136 0
1240.1 249.273 0
1231.06 247.684 0
1223.04 246.626 0
1215.37 246.067 0
1207.96 246.056 0
1200.5 246.544 0
1193.25 247.408 0
1186.15 248.541 0
1178.51 249.979 0
1170.92 251.497 0
1162.93 253.004 0
1155.1 254.206 0
1147.78 254.926 0
1138.9 255.227 0
1131.53 255.061 0
1122.14 254.394 0
1113 253.368 0
1104.53 252.267 0
1096.38 251.255 0
1089.27 250.541 0
1081.64 250.056 0
1073.76 249.904 0
1064.92 250.202 0
1057.82 250.833 0
1050.08 251.871 0
1042.63 253.034 0
1034.76 254.23 0
1026.58 255.207 0
1018.19 255.765 0
1008.99 255.825 0
999.928 255.299 0
991.52 254.297 0
983.02 252.958 0
974.378 251.512 0
964.992 250.141 0
956.345 249.308 0
948.829 249.065 0
940.316 249.486 0
932.308 250.683 0
924.001 252.571 0
917.368 254.277 0
909.481 256.216 0
902.577 257.571 0
895.126 258.514 0
887.278 258.86 0
876.588 258.144 0
865.712 256.018 0
855.985 253.57 0
846.462 251.426 0
836.415 250.121 0
827.291 249.905 0
819.526 250.412 0
812.176 251.446 0
805.036 252.855 0
798.74 254.232 0
790.417 255.932 0
780.596 257.251 0
772.366 257.555 0
762.604 257.167 0
753.705 256.331 0
744.172 255.185 0
734.066 254.037 0
724.281 253.36 0
715.364 253.385 0
707.209 253.895 0
700.248 254.572 0
692.773 255.426 0
684.151 256.425 0
676.239 257.255 0
668.073 257.939 0
659.096 258.388 0
649.355 258.493 0
640.481 258.417 0
633.048 258.364 0
622.538 258.496 0
613.733 258.756 0
606.997 258.973 0
601.149 259.129 0
593.67 259.248 0
584.36 259.411 0
573.926 259.948 0
566.033 260.837 0
557.893 262.209 0
551.06 263.524 0
543.943 264.857 0
536.384 266.02 0
529.743 266.696 0
520.145 267.065 0
510.765 266.714 0
501.547 265.674 0
493.07 264.216 0
482.975 262.085 0
472.933 259.809 0
464.153 257.979 0
455.061 256.618 0
446.047 256.174 0
438.037 256.757 0
430.442 258.053 0
424.101 259.562 0
417.729 261.362 0
412.289 263.046 0
407.532 264.557 0
400.748 266.623 0
396.934 267.668 0
389.884 269.223 0
379.811 270.215 0
371.704 270.019 0
362.441 269.305 0
353.939 268.746 0
345.994 268.664 0
339.462 268.813 0
334.579 268.951 0
329.282 269.046 0
324.692 269.02 0
313.68 268.383 0
303.282 267.455 0
293.333 266.862 0
286.422 266.883 0
279.646 267.249 0
272.354 267.933 0
266.352 268.654 0
259.189 269.62 0
252.845 270.479 0
247.098 271.165 0
241.172 271.69 0
236.64 271.909 0
231.15 271.9 0
223.724 271.354 0
214.868 270.128 0
205.57 268.553 0