501.26 718.86 0
507.36 718.87 0
511.405 718.893 0
515.786 718.878 0
521.088 718.716 0
527.722 718.127 0
535.604 716.582 0
539.17 715.562 0
541.677 714.77 0
544.947 713.687 0
551.07 711.682 0
554.684 710.63 0
560.218 709.342 0
566.842 708.326 0
573.117 707.884 0
578.333 707.889 0
583.577 708.115 0
588.195 708.346 0
593.65 708.466 0
599.554 708.183 0
606.274 707.278 0
612.13 706.095 0
614.011 705.655 0
619.101 704.36 0
625.388 702.69 0
631.561 701.243 0
636.531 700.41 0
638.951 700.16 0
644.059 699.989 0
649.857 700.258 0
657.744 701.11 0
664.941 702.018 0
670.655 702.507 0
675.659 702.544 0
680.755 702.015 0
685.315 700.986 0
690.089 699.502 0
692.608 698.618 0
697.501 696.841 0
702.031 695.28 0
706.295 694.012 0
711.36 692.82 0
715.92 692.086 0
721.793 691.687 0
728.614 692.001 0
735.621 692.733 0
742.26 693.253 0
748.056 693.207 0
752.519 692.883 0
757.729 692.321 0
761.919 691.824 0
765.934 691.385 0
770.386 691.01 0
774.465 690.82 0
780.577 690.912 0
787.04 691.65 0
792.209 692.74 0
797.975 694.334 0
803.131 695.96 0
808.297 697.649 0
813.057 699.169 0
819.075 700.945 0
824.408 702.296 0
828.684 703.171 0
833.246 703.904 0
838.541 704.608 0
843.347 705.222 0
847.777 705.862 0
851.955 706.598 0
856.975 707.688 0
862.581 709.198 0
867.611 710.84 0
873.221 713.008 0
878.743 715.408 0
883.707 717.68 0
889.244 720.219 0
895.673 723.028 0
900.81 725.134 0
906.47 727.309 0
911.528 729.121 0
916.62 730.831 0
922.711 732.782 0
929.032 734.783 0
934.567 736.585 0
940.016 738.442 0
944.881 740.176 0
949.802 742.008 0
955.286 744.149 0
961.58 746.71 0
967.086 748.993 0
972.94 751.408 0
978.556 753.671 0
983.992 755.817 0
989.409 757.937 0
994.695 760.014 0
999.88 762.08 0
1005.95 764.556 0
1011.29 766.799 0
1016.9 769.242 0
1023.26 772.105 0
1029.68 775.009 0
1035.66 777.636 0
1041.39 780.019 0
1046.47 782.016 0
1052.41 784.252 0
1058.12 786.331 0
1064.04 788.437 0
1069.99 790.488 0
1076.18 792.502 0
1081.58 794.138 0
1087.72 795.863 0
1093.2 797.318 0
1098.93 798.795 0
1104.82 800.31 0
1110.95 801.916 0
1118.42 803.955 0
1124.76 805.787 0
1130.73 807.601 0
1136.78 809.492 0
1142.4 811.274 0
1148.18 813.103 0
1154.69 815.132 0
1160.31 816.838 0
1166.55 818.656 0
1172.76 820.353 0
1178.63 821.817 0
1184.26 823.058 0
1189.7 824.081 0
1195.79 824.988 0
1202.34 825.654 0
1207.86 825.942 0
1212.93 826.006 0
1218.74 825.915 0
1224.32 825.735 0
1230.21 825.524 0
1235.56 825.327 0
1241.09 825.106 0
1247.41 824.813 0
1252.9 824.507 0
1258.44 824.125 0
1263.56 823.686 0
1269.39 823.062 0
1275.46 822.252 0
1280.97 821.375 0
1286.35 820.397 0
1291.83 819.274 0
1296.94 818.143 0
1302.49 816.86 0
1308.13 815.555 0
1314.33 814.17 0
1320.44 812.821 0
1325.54 811.647 0
1330.63 810.38 0
1336.18 808.833 0
1341.84 807.04 0
1347.59 804.957 0
1352.44 802.963 0
1357.13 800.827 0
1361.7 798.582 0
1366.9 795.891 0
1371.63 793.368 0
1376.74 790.623 0
1381.86 787.899 0
1387.19 785.132 0
1392.12 782.682 0
1396.62 780.563 0
1401.3 778.493 0
1406.61 776.305 0
1411.88 774.29 0
1416.73 772.568 0
1421.68 770.914 0
1426.69 769.282 0
1431.76 767.616 0
1437.17 765.743 0
1442.34 763.813 0
1447.34 761.818 0
1451.74 759.97 0
1456.86 757.705 0
1461.84 755.396 0
1466.72 753.045 0
1472.22 750.321 0
1476.98 747.901 0
1481.89 745.378 0
1486.41 743.07 0
1491.15 740.727 0
1495.9 738.521 0
1500.8 736.449 0
1505.82 734.547 0
1511.59 732.523 0
1517.59 730.442 0
1522.63 728.606 0
1527.76 726.641 0
1532.81 724.688 0
1537.82 722.815 0
1542.8 721.093 0
1547.89 719.514 0
1553.71 717.924 0
1559.42 716.566 0
1564.92 715.422 0
1569.89 714.497 0
1575.49 713.517 0
1580.92 712.572 0
1586.36 711.58 0
1591.8 710.542 0
1596.51 709.637 0
1602.03 708.607 0
1607.54 707.654 0
1613.03 706.781 0
1618 706.044 0
1623 705.335 0
1628.56 704.575 0
1633.66 703.903 0
1639.46 703.183 0
1644.57 702.597 0
1649.63 702.077 0
1654.88 701.623 0
1659.67 701.312 0
1665.75 701.101 0
1671.15 701.12 0
1677.08 701.375 0
1681.8 701.747 0
1686.78 702.301 0
1691.9 703.033 0
1697.16 703.914 0
1702.52 704.884 0
1707.95 705.873 0
1712.79 706.714 0
1717.8 707.563 0
1723.49 708.559 0
1728.63 709.546 0
1734.37 710.809 0
1739.51 712.127 0
1744.77 713.683 0
1750.09 715.513 0
1755.44 717.633 0
1760.32 719.786 0
1765.35 722.171 0
1770.49 724.739 0
1775.2 727.164 0
1780.09 729.746 0
1785.12 732.461 0
1790.24 735.291 0
1795.42 738.22 0
1800.64 741.232 0
1805.89 744.305 0
1811.13 747.411 0
1815.89 750.254 0
1821.31 753.502 0
1826.15 756.404 0
1831.09 759.358 0
1836.6 762.629 0
1842.02 765.822 0
1846.9 768.699 0
1851.89 771.659 0
1856.84 774.63 0
1861.87 777.689 0
1866.87 780.73 0
1871.94 783.767 0
1876.5 786.431 0
1881.69 789.34 0
1886.83 792.107 0
1892.48 795.048 0
1897.46 797.569 0
1901.94 799.8 0
1907.11 802.328 0
1912.21 804.777 0
1917.76 807.38 0
1922.64 809.616 0
1927.03 811.561 0
1931.55 813.469 0
1936.81 815.529 0
1941.56 817.204 0
1946.82 818.844 0
1951.48 820.133 0
1956.27 821.329 0
1961.74 822.57 0
1967.03 823.661 0
1972.66 824.678 0
1977.57 825.409 0
1982.65 825.984 0
1987.86 826.363 0
1993.06 826.537 0
1998.13 826.521 0
2003.22 826.332 0
2008.45 825.979 0
2013.78 825.5 0
2019.08 824.961 0
2024.34 824.416 0
2029.44 823.911 0
2034.7 823.399 0
2039.94 822.868 0
2044.67 822.348 0
2049.66 821.736 0
2054.57 821.068 0
2059.2 820.374 0
2064.63 819.481 0
2070.01 818.51 0
2074.84 817.549 0
2079.94 816.43 0
2084.57 815.305 0
2089.37 814.019 0
2094.45 812.506 0
2099.74 810.751 0
2104.53 808.994 0
2109.62 806.936 0
2115.61 804.292 0
2121.11 801.759 0
2126.73 799.154 0
2132.27 796.671 0
2137.25 794.531 0
2142.51 792.333 0
2147.79 790.171 0
2152.98 788.058 0
2158.22 785.911 0
2162.97 783.913 0
2168.1 781.679 0
2173.73 779.094 0
2178.78 776.645 0
2184.15 773.925 0
2189.23 771.247 0
2194.64 768.314 0
2200.28 765.187 0
2206.11 761.939 0
2211.55 758.927 0
2217.25 755.852 0
2222.36 753.183 0
2228.08 750.337 0
2233.73 747.691 0
2238.82 745.47 0
2244.29 743.226 0
2249.76 741.071 0
2254.99 739.055 0
2260.57 736.91 0
2265.62 734.955 0
2271.07 732.81 0
2276.03 730.819 0
2281.43 728.602 0
2287.98 725.914 0
2293.45 723.739 0
2298.72 721.762 0
2303.84 719.982 0
2309.1 718.314 0
2314.75 716.705 0
2320.39 715.299 0
2326.46 713.952 0
2331.66 712.834 0
2337.08 711.604 0
2342.02 710.348 0
2346.62 709.066 0
2351.82 707.537 0
2357.48 705.856 0
2363.14 704.232 0
2368.27 702.849 0
2373.54 701.53 0
2379.27 700.231 0
2384.44 699.19 0
2390.29 698.152 0
2396.09 697.234 0
2402.23 696.345 0
2408.24 695.514 0
2414.17 694.688 0
2419.49 693.903 0
2425.46 692.934 0
2431.73 691.813 0
2437.7 690.699 0
2444.14 689.501 0
2449.85 688.495 0
2455.56 687.592 0
2461.82 686.787 0
2467.93 686.249 0
2474.35 686.007 0
2480.17 686.113 0
2485.56 686.519 0
2491.58 687.343 0
2497.52 688.485 0
2502.86 689.732 0
2507.46 690.932 0
2511.93 692.18 0
2517.7 693.857 0
2523.99 695.708 0
2530.22 697.487 0
2535.87 699.009 0
2541.63 700.459 0
2547.81 701.891 0
2553.86 703.169 0
2559.35 704.306 0
2564.98 705.549 0
2571.08 707.108 0
2577.14 708.983 0
2582.63 711.016 0
2587.71 713.217 0
2593.47 716.135 0
2597.8 718.606 0
2602.53 721.528 0
2606.98 724.421 0
2611.79 727.664 0
2616.87 731.165 0
2622.14 734.932 0
2627.54 739.019 0
2632.51 743.049 0
2636.67 746.667 0
2641.24 750.863 0
2645.63 755.05 0
2649.83 759.164 0
2653.41 762.715 0
2658.03 767.306 0
2662.42 771.676 0
2667.1 776.331 0
2671 780.206 0
2674.85 784.013 0
2679.15 788.242 0
2683.77 792.795 0
2688.1 797.113 0
2691.73 800.785 0
2696.35 805.57 0
2700.16 809.627 0
2704.91 814.776 0
2708.31 818.517 0
2711.73 822.298 0
2715.67 826.645 0
2719.47 830.821 0
2723.17 834.834 0
2727.29 839.209 0
2731.71 843.749 0
2734.85 846.847 0
2739.04 850.786 0
2743.01 854.295 0
2747.81 858.297 0
2752.22 861.771 0
2755.81 864.496 0
2759.33 867.087 0
2762.79 869.577 0
2768.22 873.41 0
2773.03 876.769 0
2776.9 879.469 0
2781.08 882.411 0
2786.02 885.905 0
2789.44 888.312 0
2793.28 890.968 0
2797.96 894.083 0
2802.75 897.093 0
2807.59 899.902 0
2812.45 902.493 0
2816.79 904.607 0
2821.33 906.618 0
2826.51 908.658 0
2831.66 910.449 0
2836.19 911.851 0
2841.89 913.418 0
2847.91 914.871 0
2853.12 915.978 0
2858.23 916.929 0
2863.32 917.752 0
2868.41 918.454 0
2874.53 919.145 0
2879.81 919.612 0
2885.51 919.988 0
2891.04 920.231 0
2896.45 920.352 0
2902.25 920.354 0
2908.43 920.211 0
2914.32 919.917 0
2919.88 919.464 0
2925.42 918.813 0
2930.95 917.938 0
2936.84 916.784 0
2942.64 915.473 0
2948.85 913.933 0
2955.38 912.233 0
2962.14 910.469 0
2967.85 909.046 0
2972.91 907.871 0
2978.61 906.618 0
2984.79 905.272 0
2990.69 903.921 0
2996.87 902.37 0
3000.31 901.338 0
3006.1 899.48 0
3012.38 897.332 0
3021.17 894.179 0
3032.06 890.293 0
3037.96 888.246 0
3042.31 886.75 0
3047.81 884.859 0
3054.11 882.678 0
3063.13 879.476 0
3067.29 877.944 0
3072.35 876.017 0
3077.91 873.806 0
3083.74 871.379 0
3089.65 868.794 0
3093.79 866.907 0
3100.12 863.89 0
3106.13 860.868 0
3110.35 858.664 0
3116.36 855.404 0
3120.61 853.03 0
3126.55 849.63 0
3130.8 847.153 0
3138.06 842.82 0
3143.18 839.665 0
3148.09 836.521 0
3152.81 833.382 0
3158.54 829.381 0
3162.53 826.469 0
3167.58 822.624 0
3171.12 819.827 0
3174.67 816.926 0
3180.26 812.19 0
3185.19 807.863 0
3190.59 802.94 0
3195.17 798.465 0
3199 794.315 0
3203.49 788.587 0
3205.74 785.33 0
3207.87 782.061 0
3210.56 777.864 0
3212.51 774.819 0
3214.49 771.697 0
3216.45 768.512 0
3218.37 765.281 0
3219.69 762.942 0
3221.67 759.39 0
3223.62 755.88 0
3225.65 752.398 0
3227.79 748.933 0
3230.59 744.523 0
3233.1 740.37 0
3235.63 735.437 0
3237.48 730.892 0
3238.92 726.627 0
3240.17 722.562 0
3241.63 717.657 0
3242.97 713.116 0
3244.56 707.839 0
3246.3 702.012 0
3247.46 697.788 0
3248.84 691.696 0
3249.79 686.26 0
3250.38 682.325 0
3250.77 679.486 0
3251.21 675.39 0
3251.26 670.361 0
3250.77 666.725 0
3249.47 662.015 0
3248 657.561 0
3247.37 655.399 0
3246.61 651.747 0
3246.29 648.058 0
3246.31 641.114 0
3246.33 635.001 0
3246.36 630.58 0
3246.59 626.304 0
3247.62 618.825 0
3247.91 614.516 0
3247.07 609.193 0
3245.57 605.353 0
3243.71 601.478 0
3242.38 598.694 0
3239.71 591.053 0
3238.51 584.377 0
3238.15 580.697 0
3236.82 572.279 0
3235.33 568.51 0
3233.8 565.811 0
3230.46 560.391 0
3228.45 555.31 0
3228.84 549.283 0
3230.17 538.923 0
3228.12 532.632 0
3226.57 529.304 0
3223.87 523.291 0
3221.96 517.734 0
3220.62 511.269 0
3220.29 504.12 0
3220.85 496.451 0
3220.29 489.652 0
3217.08 484.752 0
3210.85 479.969 0
3207.55 477.812 0
3205.24 476.302 0
3200.27 472.711 0
3195.42 466.292 0
3194.16 460.372 0
3192.58 454.808 0
3190.24 450.814 0
3185.71 445.334 0
3181.81 441.4 0
3178.86 438.596 0
3174.02 433.963 0
3169.71 429.313 0
3166.33 424.644 0
3163.25 419.955 0
3159.52 415.247 0
3154.42 410.517 0
3150.3 407.133 0
3145.85 403.364 0
3141.87 399.308 0
3138.72 395.037 0
3135.72 390.602 0
3130.4 384.636 0
3127.05 381.753 0
3122.79 378.319 0
3118.17 374.472 0
3115.3 371.737 0
3111.14 366.98 0
3106.85 362.148 0
3101.02 357.264 0
3097.84 355.197 0
3092.81 352.321 0
3088.88 350.291 0
3082.94 347.435 0
3078.51 345.419 0
3075.32 344.01 0
3069.81 341.609 0
3062.74 338.472 0
3058.04 336.255 0
3052.35 333.245 0
3047.09 329.649 0
3042.3 324.141 0
3039.11 318.702 0
3034.81 313.308 0
3030.62 309.436 0
3025.48 305.173 0
3021.77 302.142 0
3017.18 298.486 0
3013.23 295.883 0
3006.47 292.542 0
2999.97 290.162 0
2995.67 288.452 0
2988.62 286.136 0
2983.01 284.722 0
2976.92 283.526 0
2970.46 282.535 0
2964.43 281.758 0
2957.35 280.891 0
2950.18 279.911 0
2943.11 278.78 0
2935.95 277.493 0
2930.23 276.383 0
2923.38 274.977 0
2917.06 273.63 0
2909.08 271.887 0
2901.94 270.31 0
2896.35 269.077 0
2889.46 267.576 0
2881.75 265.942 0
2874.24 264.408 0
2868.23 263.225 0
2861.84 262.008 0
2854.39 260.642 0
2846.96 259.336 0
2838.95 257.991 0
2831.78 256.848 0
2824.63 255.766 0
2817.41 254.734 0
2810.21 253.765 0
2802.21 252.71 0
2794.32 251.61 0
2787.99 250.628 0
2781.43 249.465 0
2773.3 247.779 0
2765.38 245.975 0
2757.59 244.202 0
2749.23 242.463 0
2741.14 241.107 0
2732.55 240.023 0
2724.98 239.263 0
2716.77 238.526 0
2706.73 237.569 0
2697.4 236.5 0
2689.29 235.388 0
2682.71 234.338 0
2675.25 232.966 0
2667.78 231.417 0
2658.95 229.538 0
2650.51 227.907 0
2643 226.764 0
2634.2 225.964 0
2625.11 225.66 0
2616.48 225.677 0
2609.5 225.786 0
2599.83 225.9 0
2590.71 225.847 0
2582.07 225.566 0
2572.99 224.94 0
2564.38 223.995 0
2554.74 222.791 0
2546.29 221.915 0
2538.14 221.496 0
2528.28 221.782 0
2517.2 222.742 0
2507.83 223.587 0
2499.03 224.017 0
2491.17 223.967 0
2482.77 223.535 0
2473.12 222.67 0
2463.61 221.562 0
2455.01 220.51 0
2445.59 219.551 0
2436.54 219.068 0
2427.7 219.224 0
2418.6 219.935 0
2407.96 221.041 0
2397.55 221.922 0
2388 222.226 0
2378.84 222.057 0
2369.51 221.473 0
2360.07 220.511 0
2350.54 219.339 0
2341.36 218.326 0
2332.02 217.734 0
2322.57 217.875 0
2313.33 218.655 0
2304.26 219.754 0
2294.33 221.005 0
2283.8 222.048 0
2273.49 222.64 0
2263.71 222.719 0
2253.95 222.263 0
2244.56 221.516 0
2234.74 220.84 0
2224.97 220.712 0
2216.22 221.325 0
2205.92 222.702 0
2195.5 224.399 0
2186.28 225.803 0
2175.98 226.962 0
2165.49 227.503 0
2154.55 227.156 0
2144.93 226.043 0
2135.56 224.624 0
2126.12 223.316 0
2116.63 222.57 0
2107.55 222.478 0
2098.09 222.71 0
2087.26 222.937 0
2077.2 222.735 0
2067.27 222.157 0
2056.75 221.296 0
2046.49 220.373 0
2036.41 219.523 0
2025.79 218.817 0
2016.13 218.451 0
2007.34 218.399 0
1996.83 218.589 0
1987.92 218.851 0
1977.35 219.138 0
1967.21 219.278 0
1957.9 219.219 0
1948.53 218.915 0
1937.21 218.201 0
1926.37 217.472 0
1916.56 217.124 0
1906.74 217.367 0
1895.66 218.284 0
1885.01 219.421 0
1875.28 220.34 0
1864.28 220.999 0
1853.76 221.27 0
1843.52 221.231 0
1834.2 220.995 0
1823.46 220.71 0
1813.08 220.701 0
1802.95 221.205 0
1792.33 222.299 0
1782.04 223.717 0
1771.32 225.351 0
1760.96 226.879 0
1750.92 228.125 0
1740.37 228.989 0
1730.06 229.242 0
1720.72 229.054 0
1710.03 228.55 0
1700.37 228.007 0
1689.4 227.417 0
1678.93 226.9 0
1668.69 226.449 0
1658.01 226.044 0
1647.79 225.7 0
1637.05 225.363 0
1626.68 225.036 0
1616.47 224.655 0
1607.4 224.208 0
1596.82 223.489 0
1585.76 222.555 0
1575.17 221.706 0
1564.92 221.151 0
1554.25 221.008 0
1544.11 221.207 0
1534.69 221.582 0
1523.69 222.129 0
1513.62 222.652 0
1502.9 223.175 0
1493.43 223.56 0
1482.04 223.898 0
1471.22 224.109 0
1461.49 224.228 0
1451.22 224.298 0
1440.98 224.335 0
1430.6 224.36 0
1421.18 224.391 0
1409.84 224.409 0
1399.46 224.343 0
1389.66 224.15 0
1378.41 223.761 0
1368.01 223.337 0
1357.62 222.956 0
1348.2 222.73 0
1337.52 222.698 0
1327.23 222.976 0
1316.58 223.663 0
1306.7 224.531 0
1296.32 225.358 0
1286.26 225.759 0
1276.08 225.617 0
1265.51 225.211 0
1255.32 224.959 0
1245.78 225.154 0
1235.7 225.816 0
1225.62 226.787 0
1215.4 227.919 0
1205.46 229.018 0
1194.22 230.134 0
1183.98 230.916 0
1173.19 231.412 0
1163.5 231.614 0
1153.76 231.657 0
1143.75 231.611 0
1134.44 231.57 0
1125.2 231.631 0
1114.88 231.937 0
1104.89 232.555 0
1094.99 233.381 0
1083.88 234.368 0
1073.98 235.132 0
1063.8 235.714 0
1053.28 236.078 0
1043.16 236.183 0
1033.34 236.08 0
1023.73 235.913 0
1013.63 235.819 0
1003.83 235.953 0
993.59 236.352 0
983.685 236.927 0
973.315 237.66 0
962.681 238.458 0
952.496 239.146 0
942.039 239.647 0
933.226 239.831 0
923.733 239.858 0
913.764 239.847 0
903.423 239.967 0
893.446 240.296 0
883.748 240.737 0
873.616 241.222 0
863.808 241.626 0
853.598 241.986 0
843.735 242.337 0
834.127 242.738 0
824.704 243.224 0
814.782 243.835 0
805.769 244.476 0
796.91 245.179 0
786.004 246.037 0
776.355 246.617 0
766.283 246.863 0
755.173 246.607 0
744.664 246.085 0
735.23 245.619 0
725.313 245.349 0
715.677 245.389 0
705.616 245.769 0
696.646 246.413 0
687.081 247.382 0
677.082 248.507 0
668.185 249.408 0
658.521 250.081 0
648.454 250.433 0
638.724 250.652 0
628.612 250.995 0
618.852 251.615 0
609.35 252.416 0
601.698 253.106 0
591.658 253.937 0
582.588 254.524 0
572.118 254.993 0
562.963 255.219 0
553.914 255.28 0
544.318 255.27 0
533.442 255.418 0
525.273 255.814 0
516.323 256.653 0
506.802 257.847 0
499.017 258.86 0
490.637 259.792 0
481.263 260.438 0
471.773 260.626 0
462.488 260.38 0
453.663 259.778 0
442.992 258.695 0
432.218 257.622 0
423.244 257.092 0
415.007 257.141 0
405.341 257.833 0
397.524 258.709 0
390.787 259.561 0
382.913 260.532 0
373.48 261.508 0
363.005 262.256 0
355.251 262.524 0
346.631 262.484 0
338.618 262.162 0
328.795 261.573 0
320.922 261.092 0
310.157 260.644 0
301.194 260.532 0
292.108 260.638 0
284.799 260.865 0
276.512 261.255 0
269.183 261.67 0
259.383 262.21 0
251.579 262.533 0
241.242 262.672 0
231.511 262.491 0
222.542 262.155 0
217.068 261.911 0
209.658 261.576 0
201.436 261.234 0