500.066 704.077 0
507.632 704.215 0
513.12 704.355 0
521.244 704.629 0
531.259 705.076 0
538.553 705.444 0
543.837 705.71 0
551.745 706.083 0
557.476 706.341 0
561.616 706.53 0
572.69 707.087 0
580.727 707.607 0
586.548 708.098 0
590.77 708.533 0
593.805 708.889 0
595.974 709.161 0
601.514 709.899 0
601.527 709.9 0
605.495 710.443 0
608.366 710.83 0
614.388 711.594 0
626.596 712.929 0
635.454 713.812 0
645.773 714.856 0
653.271 715.667 0
662.564 716.775 0
673.118 718.2 0
680.782 719.358 0
690.134 720.958 0
696.9 722.3 0
705.567 724.308 0
708.08 724.945 0
717.365 727.409 0
720.356 728.216 0
718.726 727.776 0
725.008 729.459 0
733.264 731.574 0
739.227 732.989 0
747.204 734.669 0
756.656 736.333 0
767.137 737.882 0
778.342 739.361 0
790.03 740.926 0
802.059 742.827 0
810.781 744.586 0
817.09 746.12 0
825.164 748.322 0
827.473 748.983 0
832.628 750.483 0
839.834 752.581 0
845.034 754.064 0
852.247 756.025 0
860.902 758.17 0
867.158 759.613 0
875.075 761.406 0
880.805 762.74 0
891.701 765.51 0
899.603 767.825 0
905.305 769.692 0
909.403 771.111 0
915.669 773.354 0
923.504 776.189 0
922.48 775.82 0
925.035 776.739 0
930.164 778.576 0
937.136 781.071 0
945.453 784.08 0
951.458 786.283 0
959.032 789.077 0
961.239 789.89 0
962.798 790.464 0
967.13 792.052 0
973.461 794.339 0
981.228 797.047 0
986.831 798.902 0
994.044 801.142 0
999.242 802.677 0
1006.14 804.651 0
1007.94 805.162 0
1012.36 806.418 0
1018.65 808.266 0
1026.29 810.766 0
1034.92 814.154 0
1038.04 815.533 0
1040.27 816.542 0
1041.82 817.253 0
1042.89 817.744 0
1046.69 819.49 0
1049.41 820.711 0
1051.33 821.551 0
1055.74 823.378 0
1058.9 824.573 0
1064.18 826.352 0
1064.93 826.581 0
1065.41 826.723 0
1068.75 827.641 0
1083.16 830.014 0
1093.59 830.411 0
1095.15 830.413 0
1102.19 830.316 0
1110.21 830.024 0
1121.84 829.252 0
1130.24 828.436 0
1139.18 827.34 0
1145.63 826.409 0
1150.25 825.677 0
1159.28 824.117 0
1165.79 822.913 0
1170.46 822.017 0
1173.79 821.361 0
1178.98 820.309 0
1182.68 819.534 0
1188.14 818.359 0
1194.84 816.862 0
1199.64 815.763 0
1205.85 814.325 0
1210.3 813.288 0
1216.24 811.907 0
1223.25 810.29 0
1228.28 809.147 0
1231.86 808.343 0
1239.86 806.571 0
1245.61 805.283 0
1252.43 803.706 0
1257.32 802.526 0
1263.49 801.005 0
1267.91 799.911 0
1271.05 799.14 0
1278.58 797.345 0
1286.63 795.502 0
1295.04 793.618 0
1303.69 791.683 0
1309.93 790.291 0
1316.97 788.728 0
1324.6 787.053 0
1332.63 785.298 0
1340.95 783.468 0
1351.97 780.941 0
1357.4 779.583 0
1363.8 777.838 0
1370.87 775.703 0
1378.42 773.253 0
1381.36 772.27 0
1383.42 771.575 0
1389.78 769.419 0
1396.79 767.031 0
1404.25 764.484 0
1409.61 762.654 0
1413.43 761.346 0
1418.56 759.577 0
1424.62 757.451 0
1428.96 755.894 0
1434.43 753.887 0
1438.34 752.438 0
1443.49 750.533 0
1449.52 748.341 0
1456.19 746.016 0
1460.98 744.437 0
1464.39 743.365 0
1469.13 741.96 0
1474.84 740.421 0
1481.23 738.856 0
1488.1 737.215 0
1493.04 735.973 0
1501.12 733.671 0
1506.93 731.8 0
1508.82 731.159 0
1510.11 730.71 0
1513.25 729.595 0
1517.72 727.945 0
1520.91 726.745 0
1523.15 725.908 0
1524.71 725.338 0
1525.78 724.959 0
1528.73 723.961 0
1533.04 722.695 0
1536.11 721.98 0
1538.28 721.593 0
1542.01 721.185 0
1546.87 721.105 0
1548.13 721.158 0
1546.77 721.102 0
1545.71 721.081 0
1547.09 721.112 0
1550.24 721.305 0
1554.67 721.829 0
1560.02 722.762 0
1561.67 723.1 0
1565 723.829 0
1571.68 725.44 0
1578.64 727.199 0
1585.79 728.935 0
1590.93 730.085 0
1594.62 730.858 0
1595.12 730.959 0
1599.67 731.85 0
1605.03 732.825 0
1608.87 733.479 0
1617.87 734.877 0
1626.42 736.073 0
1634.65 737.141 0
1644.64 738.416 0
1655.88 739.952 0
1666.01 741.507 0
1679.23 743.851 0
1686.84 745.413 0
1694.28 747.133 0
1701.58 749.022 0
1704.89 749.931 0
1711.11 751.712 0
1715.57 753.032 0
1720.68 754.567 0
1724.33 755.669 0
1730.74 757.595 0
1737.23 759.497 0
1743.79 761.335 0
1750.36 763.125 0
1756.95 764.907 0
1763.53 766.719 0
1771.94 769.146 0
1778 771.013 0
1784.16 773.054 0
1788.58 774.606 0
1791.72 775.75 0
1797.56 777.942 0
1801.74 779.553 0
1808.3 782.121 0
1814.78 784.669 0
1819.43 786.476 0
1824.51 788.411 0
1828.14 789.754 0
1832.47 791.31 0
1837.3 792.993 0
1844.22 795.31 0
1849.19 796.914 0
1854.46 798.598 0
1859.94 800.438 0
1865.57 802.553 0
1871.29 805.076 0
1877.08 808.037 0
1881.22 810.288 0
1882.48 810.974 0
1883.31 811.432 0
1883.85 811.721 0
1885.85 812.802 0
1895.56 817.523 0
1894.25 816.957 0
1891.53 815.703 0
1891.16 815.525 0
1892.51 816.165 0
1904.96 820.802 0
1902.43 820.057 0
1895.45 817.474 0
1910.11 821.986 0
1919.15 822.924 0
1924.06 822.889 0
1925.95 822.796 0
1925.63 822.814 0
1928.6 822.605 0
1933.92 822.052 0
1942.51 820.896 0
1947.14 820.194 0
1953.61 819.144 0
1959.84 818.084 0
1964.33 817.303 0
1970.65 816.175 0
1975.19 815.344 0
1976.88 815.03 0
1979.61 814.518 0
1983.09 813.855 0
1988.64 812.773 0
1995.68 811.356 0
2002.26 809.985 0
2009.99 808.296 0
2018.55 806.222 0
2024.72 804.508 0
2029.18 803.135 0
2033.84 801.613 0
2038.65 800.007 0
2042.1 798.864 0
2047.48 797.158 0
2054.22 795.209 0
2063.37 792.894 0
2069.98 791.429 0
2078.96 789.634 0
2088.24 787.828 0
2096.33 786.123 0
2103.55 784.456 0
2108.75 783.182 0
2116.57 781.16 0
2124.93 778.866 0
2132.3 776.711 0
2138.93 774.658 0
2145.05 772.687 0
2152.09 770.363 0
2155.84 769.117 0
2161.14 767.365 0
2167.55 765.249 0
2174.74 762.85 0
2181.21 760.648 0
2187.15 758.574 0
2192.69 756.596 0
2199.2 754.22 0
2205.14 752.005 0
2210.67 749.915 0
2215.87 747.934 0
2222.08 745.574 0
2227.78 743.43 0
2233.1 741.45 0
2238.14 739.604 0
2242.96 737.86 0
2250.02 735.356 0
2256.31 733.18 0
2262.02 731.254 0
2266.12 729.901 0
2271.41 728.194 0
2276.37 726.638 0
2283.43 724.526 0
2289.67 722.782 0
2296.44 721.034 0
2302.45 719.614 0
2305.65 718.909 0
2314.67 717.097 0
2327.81 714.825 0
2337.34 713.269 0
2349.6 711.231 0
2359.54 709.551 0
2364.59 708.704 0
2371.39 707.606 0
2378.38 706.574 0
2386.52 705.544 0
2392.39 704.924 0
2396.57 704.545 0
2402.66 704.088 0
2411.08 703.656 0
2413.07 703.591 0
2415.45 703.533 0
2418.13 703.495 0
2420 703.486 0
2422.31 703.495 0
2420.86 703.487 0
2422.78 703.5 0
2425.1 703.539 0
2428.74 703.653 0
2434.31 703.974 0
2439.28 704.429 0
2442.82 704.863 0
2447.29 705.552 0
2452.4 706.518 0
2457.97 707.742 0
2463.88 709.188 0
2467.13 710.024 0
2472.27 711.39 0
2480.66 713.713 0
2487.61 715.708 0
2492.57 717.162 0
2498.86 719.026 0
2505.2 720.903 0
2511.55 722.762 0
2517 724.327 0
2522.68 725.925 0
2527.62 727.291 0
2533.8 728.961 0
2540.83 730.825 0
2546.74 732.374 0
2553.55 734.164 0
2560.98 736.142 0
2568 738.056 0
2575.54 740.177 0
2581.77 741.995 0
2587.05 743.598 0
2593.28 745.573 0
2600.17 747.899 0
2606.71 750.259 0
2612.96 752.684 0
2619.8 755.543 0
2626.25 758.463 0
2631.63 761.05 0
2637 763.759 0
2643.88 767.391 0
2650.32 770.94 0
2655.67 773.995 0
2660.96 777.126 0
2666.2 780.33 0
2671.4 783.624 0
2676.56 787.035 0
2682.4 791.103 0
2687.27 794.7 0
2692.16 798.511 0
2697.05 802.496 0
2700.51 805.405 0
2703.65 808.097 0
2707.25 811.24 0
2710.48 814.09 0
2713.42 816.708 0
2716.87 819.79 0
2720.68 823.181 0
2724.03 826.141 0
2727.76 829.377 0
2731.74 832.757 0
2734.55 835.073 0
2738.55 838.277 0
2742.7 841.483 0
2746.31 844.159 0
2749.51 846.445 0
2753.07 848.897 0
2757.57 851.843 0
2761.4 854.227 0
2766.05 856.971 0
2770.66 859.524 0
2775.21 861.902 0
2779.71 864.115 0
2784.81 866.478 0
2789.08 868.357 0
2793.98 870.431 0
2798.73 872.368 0
2803.95 874.445 0
2808.86 876.343 0
2813.58 878.12 0
2818.74 880.014 0
2823.63 881.758 0
2828.32 883.398 0
2834.02 885.371 0
2840.42 887.586 0
2844.99 889.183 0
2848.81 890.513 0
2851.52 891.433 0
2853.99 892.249 0
2858.01 893.513 0
2862 894.661 0
2866.54 895.802 0
2870.9 896.72 0
2875.12 897.447 0
2878.13 897.868 0
2882.47 898.338 0
2888.85 898.739 0
2895.59 898.816 0
2900.97 898.652 0
2905.36 898.388 0
2909.57 898.038 0
2914.69 897.504 0
2918.9 896.991 0
2921.91 896.594 0
2925.08 896.153 0
2932.47 895.068 0
2939.81 893.94 0
2946.61 892.849 0
2952.99 891.772 0
2959.05 890.688 0
2964.88 889.56 0
2971.01 888.249 0
2976.38 886.964 0
2981.67 885.571 0
2986.42 884.221 0
2991.72 882.62 0
2996.92 880.963 0
3004.46 879.235 0
3009.59 877.37 0
3013.75 875.72 0
3018.18 873.852 0
3022.39 872.003 0
3026.79 870.067 0
3031.68 867.977 0
3036.94 865.845 0
3043.2 863.406 0
3049.56 860.973 0
3055.66 858.637 0
3062.71 855.877 0
3069.04 853.262 0
3075.96 850.194 0
3080.29 848.167 0
3086.33 845.261 0
3091.95 842.524 0
3096.19 840.487 0
3100.53 838.456 0
3106.12 835.932 0
3113.95 832.479 0
3120.46 829.613 0
3127.02 826.657 0
3133.34 823.662 0
3140.17 820.152 0
3145.66 817.071 0
3150.62 814.045 0
3155.79 810.578 0
3160.02 807.439 0
3164.18 804.041 0
3167.81 800.797 0
3171.08 797.647 0
3174.81 793.829 0
3178.27 790.136 0
3181.58 786.536 0
3185.38 782.406 0
3189.36 778.203 0
3193.5 773.96 0
3197.79 769.545 0
3202.1 764.863 0
3205.91 760.295 0
3209.4 755.661 0
3212.63 750.975 0
3215.64 746.278 0
3218.54 741.433 0
3221.24 736.58 0
3223.72 731.798 0
3225.93 727.027 0
3227.79 722.249 0
3229.24 717.278 0
3230.36 712.336 0
3231.6 707.247 0
3233.34 702.043 0
3235.3 697.042 0
3237.1 691.791 0
3238.11 686.471 0
3238.47 681.125 0
3238.71 675.35 0
3239.22 669.814 0
3239.88 664.23 0
3240.49 658.32 0
3240.87 652.683 0
3241.08 647.115 0
3241.18 641.391 0
3241.16 635.748 0
3241.03 630.182 0
3240.74 624.35 0
3240.26 618.508 0
3239.57 612.765 0
3238.67 606.827 0
3237.74 600.849 0
3236.93 595.343 0
3235.99 589.466 0
3234.83 583.522 0
3233.56 577.909 0
3232.24 572.149 0
3231.04 566.576 0
3229.88 561.22 0
3228.58 556.005 0
3227.02 550.749 0
3225.19 545.308 0
3223.23 539.946 0
3221.15 534.561 0
3219.05 529.304 0
3216.86 523.899 0
3214.42 517.931 0
3212.33 512.91 0
3210.12 507.672 0
3208.06 502.643 0
3206.01 497.234 0
3204.34 492.381 0
3202.52 487.4 0
3200.3 482.443 0
3197.47 477.492 0
3194.36 472.75 0
3190.76 467.518 0
3187.29 462.437 0
3183.79 457.408 0
3179.88 452.14 0
3175.63 446.838 0
3171.18 441.493 0
3167.07 436.562 0
3163 431.578 0
3158.74 426.292 0
3154.78 421.352 0
3150.71 416.323 0
3146.37 411.136 0
3142.05 406.235 0
3137.46 401.326 0
3132.93 396.736 0
3127.99 391.967 0
3122.78 387.15 0
3117.7 382.595 0
3112.88 378.336 0
3105.85 372.296 0
3101.29 368.587 0
3094.42 363.436 0
3087.55 358.754 0
3082.7 355.573 0
3077.66 352.299 0
3070.92 347.828 0
3065.72 344.286 0
3060.75 340.921 0
3054.75 337.022 0
3048.94 333.527 0
3043.24 330.338 0
3037.04 327.056 0
3030.08 323.506 0
3022.9 319.915 0
3017.02 316.99 0
3012.05 314.549 0
3006.97 312.104 0
3002.1 309.828 0
2996.53 307.322 0
2991.9 305.38 0
2987.06 303.443 0
2982.57 301.73 0
2978.31 300.183 0
2972.18 298.086 0
2966.18 296.179 0
2960.28 294.434 0
2953.9 292.673 0
2948.22 291.188 0
2943.05 289.886 0
2938.24 288.702 0
2930.96 286.956 0
2922.92 285.094 0
2912 282.698 0
2903.48 280.948 0
2896.16 279.53 0
2888.54 278.137 0
2883.01 277.17 0
2873.67 275.586 0
2867.5 274.542 0
2860.65 273.362 0
2854.47 272.256 0
2848.78 271.185 0
2842.21 269.866 0
2832.45 267.72 0
2826.02 266.189 0
2818.16 264.214 0
2809.24 261.876 0
2797.52 258.896 0
2786.31 256.47 0
2778.16 255.086 0
2770.18 254.081 0
2761.64 253.402 0
2755.43 253.086 0
2747.42 252.755 0
2739.5 252.363 0
2730.89 251.769 0
2723.24 251.068 0
2710.28 249.486 0
2700.15 248.069 0
2691.3 246.886 0
2681.84 245.756 0
2674.15 244.929 0
2667.07 244.229 0
2657.26 243.349 0
2647.77 242.608 0
2640.07 242.089 0
2632.09 241.599 0
2626.33 241.249 0
2618.87 240.77 0
2609.31 240.078 0
2599.04 239.229 0
2586.42 238.033 0
2575.52 236.932 0
2565.83 235.968 0
2556.17 235.043 0
2547.41 234.231 0
2536.52 233.295 0
2524.95 232.562 0
2516.57 232.312 0
2508.63 232.269 0
2501.97 232.326 0
2495.26 232.425 0
2486.61 232.565 0
2475.5 232.697 0
2464.49 232.699 0
2455.51 232.588 0
2447.02 232.387 0
2437.88 232.089 0
2427.18 231.715 0
2417.37 231.433 0
2407.13 231.262 0
2398.66 231.249 0
2391.5 231.331 0
2383.15 231.484 0
2374.97 231.632 0
2365.78 231.731 0
2354.71 231.708 0
2344.47 231.509 0
2334.84 231.199 0
2325.61 230.862 0
2314.33 230.477 0
2303.82 230.192 0
2293.88 230.025 0
2284.34 229.985 0
2273.85 230.102 0
2265.09 230.33 0
2255.09 230.699 0
2247.86 231.014 0
2238.96 231.395 0
2227.53 231.733 0
2218 231.785 0
2205.99 231.58 0
2194.71 231.177 0
2183.95 230.671 0
2172.19 230.066 0
2159.66 229.478 0
2147.88 229.11 0
2135.24 229.13 0
2124.74 229.66 0
2114.36 230.609 0
2108.27 231.272 0
2101.11 232.078 0
2093.15 232.939 0
2084.58 233.759 0
2072.61 234.595 0
2062.5 235.028 0
2056.7 235.19 0
2046.62 235.357 0
2036.38 235.377 0
2024.44 235.212 0
2014.3 235.046 0
2005.48 235.043 0
1994.45 235.38 0
1983.36 236.185 0
1976.95 236.879 0
1969.2 237.836 0
1962.06 238.695 0
1953.73 239.496 0
1946.15 239.965 0
1934.17 240.217 0
1923.87 240.019 0
1911.43 239.63 0
1899.05 239.513 0
1888.42 239.678 0
1880.77 239.906 0
1870.12 240.291 0
1862.46 240.541 0
1853.48 240.733 0
1841.71 240.862 0
1829.64 241.003 0
1819.13 241.212 0
1809.76 241.484 0
1801.21 241.793 0
1793.24 242.077 0
1783.84 242.323 0
1771.44 242.418 0
1760.62 242.31 0
1749.01 242.046 0
1734.82 241.656 0
1724.6 241.434 0
1711.33 241.372 0
1699.78 241.613 0
1691.48 241.928 0
1683.54 242.307 0
1673.82 242.814 0
1664.82 243.245 0
1656.32 243.551 0
1644.02 243.822 0
1630.95 243.946 0
1619.43 243.987 0
1609.02 244.029 0
1597.24 244.127 0
1586.61 244.279 0
1576.8 244.483 0
1567.57 244.736 0
1560.97 244.954 0
1551.86 245.282 0
1545.34 245.507 0
1531.7 245.862 0
1519.58 246.068 0
1508.58 246.236 0
1498.37 246.403 0
1486.38 246.625 0
1477.77 246.777 0
1466.89 246.88 0
1456.71 246.822 0
1444.6 246.567 0
1428.57 246.011 0
1414.55 245.534 0
1401.97 245.257 0
1390.42 245.132 0
1382.14 245.101 0
1373.73 245.086 0
1362.64 245.041 0
1352.12 244.976 0
1336.81 244.96 0
1325.78 245.068 0
1315.24 245.283 0
1305.05 245.555 0
1297.77 245.727 0
1287.24 245.858 0
1277.02 245.835 0
1264.25 245.628 0
1252.32 245.372 0
1238.22 245.256 0
1225.29 245.354 0
1216 245.449 0
1206.55 245.499 0
1194.1 245.401 0
1179.39 245.026 0
1168.8 244.733 0
1158.31 244.51 0
1147.88 244.342 0
1140.42 244.243 0
1129.19 244.1 0
1118.15 243.927 0
1107.24 243.719 0
1093.33 243.452 0
1086.41 243.325 0
1075.36 243.102 0
1064.36 242.826 0
1047.07 242.317 0
1034.62 241.941 0
1022.5 241.595 0
1010.6 241.292 0
998.859 241.054 0
987.199 240.903 0
975.576 240.868 0
967.243 240.93 0
958.025 241.08 0
951.457 241.232 0
946.81 241.359 0
940.255 241.557 0
932.297 241.803 0
919.888 242.138 0
910.99 242.309 0
897.813 242.436 0
884.892 242.422 0
872.133 242.328 0
855.928 242.275 0
844.266 242.452 0
832.368 242.842 0
823.848 243.217 0
814.202 243.7 0
807.309 244.057 0
798.806 244.482 0
789.134 244.917 0
782.237 245.178 0
773.692 245.428 0
763.919 245.592 0
749.466 245.549 0
735.3 245.197 0
717.476 244.53 0
704.636 244.024 0
687.665 243.486 0
671.522 243.281 0
659.914 243.337 0
651.615 243.454 0
641.77 243.648 0
630.767 243.892 0
618.889 244.182 0
606.341 244.68 0
593.275 245.546 0
587.996 245.969 0
584.294 246.281 0
577.678 246.849 0
573.018 247.238 0
565.671 247.78 0
556.33 248.239 0
545.478 248.352 0
529.268 247.904 0
513.33 247.134 0
501.849 246.628 0
489.328 246.246 0
476.04 246.066 0
462.108 246.084 0
452.117 246.17 0
445.002 246.232 0
426.615 246.222 0
422.299 246.162 0
410.348 245.873 0
401.804 245.559 0
386.648 244.953 0
371.162 244.618 0
355.398 245.182 0
344.077 246.247 0
336.026 247.183 0
334.915 247.317 0
334.281 247.393 0
329.321 247.983 0
325.874 248.371 0
323.501 248.619 0
317.258 249.168 0
303.392 249.577 0
283.773 248.673 0
269.602 247.753 0
254.555 247.135 0
248.635 247.024 0
239.609 246.926 0
233.166 246.869 0
218.749 246.669 0
208.373 246.381 0