510.482 744.563 0
523.386 745.463 0
536.871 746.792 0
542.637 747.473 0
546.817 747.987 0
553.91 748.857 0
563.119 749.883 0
569.809 750.511 0
578.67 751.224 0
589.086 751.95 0
600.624 752.728 0
612.931 753.691 0
617.969 754.156 0
621.604 754.517 0
632.036 755.666 0
639.627 756.597 0
649.009 757.813 0
655.83 758.707 0
664.6 759.829 0
670.953 760.63 0
679.37 761.702 0
685.463 762.504 0
693.642 763.637 0
699.596 764.517 0
707.645 765.799 0
713.483 766.799 0
721.436 768.22 0
730.919 769.932 0
745.119 772.396 0
759.042 774.686 0
761.893 775.138 0
767.576 776.009 0
782.441 777.997 0
796.782 779.451 0
810.712 780.632 0
824.299 781.838 0
837.623 783.356 0
847.289 784.702 0
854.283 785.785 0
862.768 787.195 0
872.315 788.849 0
879.206 790.05 0
887.577 791.529 0
896.977 793.346 0
903.771 794.851 0
908.664 796.056 0
915.514 797.883 0
920.434 799.276 0
923.972 800.308 0
929.809 802.051 0
934.004 803.318 0
940.297 805.213 0
944.823 806.551 0
951.322 808.402 0
959.262 810.505 0
964.977 811.896 0
969.08 812.825 0
975.225 814.099 0
979.642 814.928 0
982.799 815.481 0
988.242 816.373 0
995.309 817.45 0
1003.56 818.655 0
1012.64 820.075 0
1016.06 820.679 0
1021.62 821.791 0
1025.6 822.709 0
1031.55 824.228 0
1032.7 824.534 0
1033.47 824.737 0
1033.96 824.869 0
1031.11 824.112 0
1032.09 824.372 0
1032.75 824.547 0
1036.29 825.486 0
1041.9 826.922 0
1052.06 829.033 0
1059.42 830.027 0
1067.75 830.661 0
1073.74 830.833 0
1081.05 830.769 0
1086.32 830.572 0
1087.07 830.536 0
1090.56 830.343 0
1096.03 829.978 0
1096.94 829.911 0
1097.53 829.867 0
1100.88 829.607 0
1106.25 829.159 0
1113.06 828.543 0
1117.94 828.077 0
1121.42 827.736 0
1126.82 827.198 0
1133.6 826.512 0
1147.12 825.135 0
1156.91 824.122 0
1166.81 822.996 0
1173.95 822.066 0
1179.07 821.318 0
1188.37 819.755 0
1197.85 817.838 0
1204.69 816.276 0
1209.57 815.105 0
1218.59 812.922 0
1225.07 811.397 0
1232.46 809.761 0
1243.18 807.675 0
1250.92 806.417 0
1267.11 803.977 0
1276.2 802.417 0
1282.75 801.16 0
1290.07 799.614 0
1295.32 798.414 0
1301.67 796.862 0
1308.83 795.003 0
1316.54 792.882 0
1322.08 791.299 0
1326.03 790.149 0
1333.94 787.816 0
1339.62 786.138 0
1343.68 784.949 0
1351.62 782.641 0
1357.32 780.989 0
1366.39 778.353 0
1372.91 776.439 0
1377.58 775.054 0
1385.83 772.567 0
1394.22 769.982 0
1402.68 767.333 0
1408.76 765.427 0
1415.53 763.331 0
1420.37 761.848 0
1423.81 760.8 0
1431.03 758.603 0
1436.21 757.018 0
1444.65 754.336 0
1453.06 751.096 0
1461.45 746.725 0
1467.47 742.651 0
1469.44 741.191 0
1470.79 740.168 0
1474.02 737.669 0
1478.62 734.109 0
1479.56 733.392 0
1482.49 731.223 0
1484.54 729.773 0
1485.96 728.815 0
1491.52 725.462 0
1486.22 728.646 0
1491.54 725.451 0
1495.35 723.519 0
1498.05 722.322 0
1495.34 723.524 0
1490.96 725.771 0
1487.7 727.7 0
1487.57 727.78 0
1485.08 729.405 0
1476.14 736.023 0
1476.61 735.656 0
1481.53 731.92 0
1487.36 727.91 0
1493.84 724.251 0
1500.77 721.26 0
1508.03 719.106 0
1515.5 717.87 0
1518.65 717.622 0
1523.12 717.515 0
1528.56 717.731 0
1530.23 717.865 0
1531.38 717.975 0
1532.16 718.056 0
1530.43 717.883 0
1529.11 717.771 0
1532.56 718.1 0
1537.24 718.724 0
1542.81 719.675 0
1551.19 721.362 0
1561.57 723.504 0
1571.22 725.271 0
1582.45 727.095 0
1592.69 728.616 0
1600.1 729.631 0
1607.53 730.568 0
1612.88 731.189 0
1622.94 732.291 0
1636.32 733.821 0
1646.01 735.123 0
1653.01 736.226 0
1664.05 738.316 0
1674.02 740.487 0
1683.18 742.58 0
1687.82 743.643 0
1698.94 746.232 0
1708.91 748.642 0
1716.1 750.443 0
1723.19 752.241 0
1728.27 753.533 0
1731.91 754.449 0
1738.28 756.03 0
1744.74 757.578 0
1754.97 759.86 0
1766.03 762.068 0
1775.85 763.942 0
1782.92 765.331 0
1791.62 767.11 0
1803.25 769.572 0
1808.08 770.613 0
1816.86 772.577 0
1824.93 774.532 0
1834.23 777.036 0
1840.92 779.003 0
1845.71 780.483 0
1850.85 782.123 0
1856.23 783.891 0
1863.49 786.324 0
1868.7 788.078 0
1874.11 789.89 0
1879.65 791.724 0
1885.29 793.639 0
1889.31 795.108 0
1895.5 797.654 0
1901.58 800.638 0
1905.92 803.097 0
1909 804.953 0
1911.16 806.286 0
1917.56 810.294 0
1922.15 813.075 0
1922.13 813.064 0
1925.3 814.879 0
1915.95 809.291 0
1920.62 812.166 0
1923.95 814.118 0
1931.14 817.879 0
1939.5 821.36 0
1947.11 823.611 0
1952.58 824.652 0
1958.07 825.253 0
1962 825.462 0
1966.36 825.521 0
1972.58 825.38 0
1977.04 825.177 0
1983.3 824.792 0
1989.34 824.336 0
1993.66 823.971 0
1999.78 823.422 0
2007.18 822.699 0
2014 821.928 0
2020.4 821.068 0
2030.88 819.293 0
2041.36 817.153 0
2047.49 815.793 0
2053.33 814.464 0
2058.96 813.195 0
2062.98 812.316 0
2067.28 811.423 0
2076.01 809.812 0
2087.88 807.852 0
2096.46 806.291 0
2104.02 804.666 0
2109.47 803.367 0
2114.73 802.026 0
2119.87 800.656 0
2124.9 799.262 0
2129.85 797.835 0
2136.07 795.952 0
2141.87 794.089 0
2148.68 791.759 0
2153.57 790.005 0
2158.39 788.243 0
2163.16 786.488 0
2167.87 784.763 0
2172.54 783.084 0
2179.74 780.581 0
2187.49 778.045 0
2196.85 775.252 0
2206.1 772.679 0
2214.01 770.407 0
2222.18 767.8 0
2226.86 766.182 0
2233.87 763.639 0
2240.11 761.314 0
2245.81 759.192 0
2251.1 757.23 0
2256.1 755.394 0
2262.07 753.23 0
2269.88 750.44 0
2277.84 747.48 0
2284.74 744.562 0
2289.7 742.131 0
2294.42 739.506 0
2297.79 737.49 0
2301.34 735.293 0
2312.92 728.186 0
2314.55 727.263 0
2314.53 727.277 0
2314.44 727.323 0
2316.59 726.157 0
2322.57 723.199 0
2329.08 720.485 0
2335.97 718.189 0
2346.36 715.795 0
2362.38 713.334 0
2371.89 711.693 0
2379.8 710.217 0
2384.44 709.375 0
2388.78 708.637 0
2391.88 708.155 0
2398.21 707.321 0
2406.83 706.608 0
2415.05 706.513 0
2421.95 706.894 0
2424.9 707.163 0
2427.96 707.5 0
2435.07 708.466 0
2439.17 709.11 0
2445.02 710.112 0
2452.12 711.429 0
2459.13 712.806 0
2468.89 714.812 0
2476.86 716.61 0
2482.58 718.051 0
2487.59 719.45 0
2493 721.086 0
2497.8 722.591 0
2501.18 723.66 0
2504.49 724.688 0
2508.64 725.94 0
2511.57 726.784 0
2518.15 728.557 0
2525.54 730.416 0
2532.59 732.139 0
2539.38 733.815 0
2546.85 735.708 0
2553.91 737.573 0
2561.52 739.677 0
2567.82 741.48 0
2573.99 743.259 0
2580.08 744.983 0
2586.09 746.621 0
2595.27 749.031 0
2603.49 751.193 0
2610.97 753.257 0
2619.48 755.784 0
2627.94 758.532 0
2635.53 761.247 0
2642.52 763.959 0
2647.49 766.015 0
2654.05 768.885 0
2660.98 772.112 0
2667.41 775.32 0
2673.47 778.575 0
2679.25 781.92 0
2684.08 784.91 0
2688.95 788.069 0
2692.37 790.343 0
2696.92 793.4 0
2701.56 796.51 0
2704.82 798.67 0
2712.04 803.311 0
2717.88 806.907 0
2721.33 808.961 0
2727.19 812.323 0
2732.72 815.344 0
2738.69 818.496 0
2744.29 821.427 0
2749.58 824.242 0
2755.99 827.805 0
2761.19 830.841 0
2766.83 834.268 0
2770.83 836.769 0
2776.24 840.237 0
2780.04 842.721 0
2783.98 845.322 0
2788.02 848.002 0
2792.12 850.71 0
2796.27 853.417 0
2800.44 856.082 0
2805.85 859.438 0
2810.32 862.096 0
2814.06 864.247 0
2816.69 865.717 0
2821.56 868.327 0
2825.01 870.097 0
2829.22 872.152 0
2832.19 873.537 0
2836.64 875.501 0
2841.57 877.507 0
2845.64 879.022 0
2850.82 880.758 0
2857.38 882.639 0
2862.63 883.915 0
2870.34 885.474 0
2878.03 886.727 0
2883.55 887.469 0
2904.78 889.259 0
2922.2 889.678 0
2936.82 889.428 0
2947.9 888.806 0
2958.36 887.809 0
2967.84 886.54 0
2976.6 885.05 0
2983.86 883.574 0
2991.9 881.675 0
2999.09 879.733 0
2929.94 877.638 0
2941.55 875.71 0
2954.89 873.808 0
2970.51 871.792 0
2989.22 869.511 0
3009.3 867.084 0
3029.69 864.491 0
3046.28 862.107 0
3062.55 859.096 0
3070.95 856.591 0
3075.17 854.229 0
3076.97 851.806 0
3077.39 849.555 0
3077.61 847.108 0
3079.17 844.268 0
3084.07 841.272 0
3092.37 838.155 0
3102.06 835.143 0
3111.71 832.216 0
3121.26 828.915 0
3127.79 825.695 0
3132.32 822.009 0
3135.88 817.339 0
3139.09 813.445 0
3143.95 809.643 0
3153.39 804.002 0
3161.46 799.268 0
3167.17 795.207 0
3171.67 791.168 0
3175.71 787 0
3179.56 783.055 0
3185.78 777.479 0
3191.1 772.971 0
3196.21 768.361 0
3200.79 763.376 0
3204.15 758.722 0
3206.68 754.296 0
3208.85 749.451 0
3210.62 744.466 0
3212.04 739.655 0
3213.38 734.714 0
3214.75 729.516 0
3216.08 724.26 0
3217.36 719.048 0
3218.73 713.843 0
3220.32 709.005 0
3222.61 703.79 0
3225.32 698.734 0
3228.01 693.987 0
3230.95 688.454 0
3233.22 683.276 0
3234.83 678.081 0
3235.63 672.486 0
3235.74 667.144 0
3235.74 661.582 0
3236.05 656.117 0
3236.44 650.728 0
3236.51 645.46 0
3235.97 639.686 0
3235.17 634.241 0
3234.51 629.008 0
3234.03 623.249 0
3233.45 617.692 0
3232.29 611.789 0
3230.64 605.864 0
3228.98 600.004 0
3227.59 594.174 0
3226.36 588.609 0
3225.07 583.476 0
3223.43 577.579 0
3222.17 572.087 0
3221.55 566.663 0
3221.3 561.101 0
3220.68 555.655 0
3218.91 549.995 0
3216.1 544.16 0
3213.03 538.569 0
3209.98 532.91 0
3207.02 527.194 0
3204.35 521.832 0
3201.72 516.315 0
3199.08 510.452 0
3196.8 505.041 0
3194.83 500.115 0
3192.66 494.475 0
3190.75 489.563 0
3188.93 485.245 0
3186.2 479.884 0
3182.85 474.669 0
3179.28 469.755 0
3175.62 464.63 0
3172.59 459.713 0
3170.02 454.999 0
3167.52 450.427 0
3164.82 446.014 0
3161.61 441.36 0
3158.04 436.461 0
3154.66 431.795 0
3151.75 427.67 0
3149.09 423.971 0
3145.36 419.2 0
3140.98 414.315 0
3136.55 409.841 0
3132.32 405.703 0
3128.29 401.694 0
3124.75 398.021 0
3120.74 393.752 0
3116.18 388.917 0
3111.36 384.027 0
3106.86 379.737 0
3101.53 374.998 0
3095.94 370.437 0
3090.73 366.426 0
3084.16 361.398 0
3078.1 356.485 0
3073.36 352.269 0
3068.41 347.887 0
3063.88 344.249 0
3058.37 340.468 0
3051.38 336.391 0
3045.07 333.036 0
3038.72 329.803 0
3032.43 326.622 0
3025.53 323.075 0
3018.98 319.682 0
3012.86 316.545 0
3005.82 313.048 0
2997.97 309.549 0
2991.61 306.621 0
2986.01 304.151 0
2981.45 302.24 0
2976.13 300.126 0
2971.27 298.297 0
2951.68 291.871 0
2938.53 288.257 0
2926.17 285.116 0
2915.5 282.414 0
2906.02 279.989 0
2898.59 278.111 0
2888.56 275.668 0
2880.09 273.738 0
2872.18 272.053 0
2864.61 270.557 0
2857.93 269.33 0
2850.02 267.994 0
2841.84 266.713 0
2835.28 265.728 0
2830.51 265.019 0
2828.98 264.791 0
2824.16 264.067 0
2819.43 263.341 0
2812.81 262.298 0
2806.07 261.214 0
2797.9 259.881 0
2791.98 258.909 0
2784.38 257.668 0
2778.21 256.68 0
2766.2 254.849 0
2756.72 253.538 0
2746.34 252.281 0
2735.18 251.15 0
2713.52 249.609 0
2697.76 248.876 0
2683.22 248.266 0
2672.65 247.696 0
2663.45 246.991 0
2652.05 245.737 0
2645.4 244.837 0
2636.61 243.53 0
2622.81 241.393 0
2610.26 239.522 0
2598.6 237.94 0
2587.58 236.654 0
2574.36 235.45 0
2559.33 234.631 0
2544.79 234.35 0
2534.26 234.286 0
2528.47 234.247 0
2521.6 234.178 0
2505.29 233.952 0
2493.45 233.772 0
2479.01 233.568 0
2467.56 233.422 0
2462.29 233.36 0
2450.51 233.211 0
2436.88 232.959 0
2426 232.643 0
2415.02 232.257 0
2406.06 231.952 0
2399.6 231.766 0
2389.65 231.554 0
2380.33 231.412 0
2369.23 231.269 0
2355.63 231.067 0
2342.42 230.792 0
2331.74 230.484 0
2322.91 230.177 0
2313.08 229.819 0
2297.74 229.334 0
2285.44 229.118 0
2278.97 229.105 0
2268.33 229.284 0
2258.2 229.665 0
2245.92 230.2 0
2233.29 230.567 0
2222.92 230.63 0
2207.72 230.412 0
2195.44 230.054 0
2181.27 229.624 0
2167.01 229.397 0
2158.05 229.391 0
2143.43 229.491 0
2128.69 229.607 0
2116.64 229.764 0
2103.7 230.105 0
2088.57 230.663 0
2076.19 231.006 0
2062.86 231.063 0
2051.79 230.893 0
2031.64 230.289 0
2013.94 229.878 0
1998.01 230.006 0
1986.51 230.342 0
1973.47 230.814 0
1959.24 231.301 0
1948.99 231.579 0
1935.05 231.826 0
1914.91 232.395 0
1900.34 233.341 0
1891.56 233.994 0
1886.98 234.306 0
1876.94 234.821 0
1861 235.139 0
1842.33 235.143 0
1830.66 235.119 0
1816.83 235.117 0
1801.36 235.166 0
1790.21 235.186 0
1776.6 235.128 0
1759.18 234.989 0
1746.62 234.979 0
1733.72 235.108 0
1720.54 235.363 0
1705.11 235.76 0
1689.97 236.08 0
1672.94 236.146 0
1656.54 235.996 0
1640.53 235.85 0
1626.9 235.909 0
1612.86 236.309 0
1598.46 236.965 0
1585.94 237.497 0
1570.38 237.837 0
1550.22 237.439 0
1531.1 236.41 0
1515.02 235.832 0
1503.46 235.696 0
1488.21 235.645 0
1472.52 235.509 0
1451.61 234.909 0
1431.64 233.966 0
1409.77 233.181 0
1394 232.978 0
1377.62 233.1 0
1365.85 233.267 0
1352.33 233.392 0
1334.86 233.429 0
1311.68 233.409 0
1292.26 233.307 0
1275.56 233.105 0
1258.08 232.781 0
1234.34 232.427 0
1220.06 232.513 0
1204.16 232.68 0
1189.89 232.583 0
1165.1 231.922 0
1144.26 231.306 0
1123.24 230.637 0
1102.02 230.305 0
1080.58 230.97 0
1068.26 231.735 0
1059.49 232.371 0
1047.08 233.191 0
1028.74 233.663 0
1009.13 233.181 0
988.53 232.55 0
970.414 232.112 0
954.102 231.853 0
942.402 231.96 0
920.583 233.343 0
911.716 234.417 0
902.055 235.943 0
891.817 237.778 0
891.392 237.853 0
881.061 239.529 0
856.157 240.943 0
834.591 239.715 0
811.806 237.734 0
791.726 236.688 0
777.311 237.066 0
759.62 239.194 0
750.677 240.606 0
744.371 241.581 0
739.986 242.208 0
733.291 243.051 0
705.663 244.378 0
681.794 242.754 0
652.629 240.341 0
631.576 239.512 0
616.464 239.808 0
601.613 240.988 0
595.057 241.683 0
586.468 242.626 0
580.425 243.249 0
568.04 244.298 0
550.921 245.155 0
538.632 245.305 0
521.428 245.059 0
504.82 244.597 0
488.637 243.825 0
450.389 240.157 0
413.541 239.61 0
391.534 243.646 0
393.795 243.167 0
395.68 242.77 0
397.26 242.442 0
394.184 243.085 0
387.673 244.464 0
378.617 246.298 0
372.231 247.47 0
354.01 249.909 0
345.552 250.448 0
339.573 250.626 0
330.788 250.654 0
319.887 250.432 0
307.431 249.969 0
289.001 248.908 0
270.902 247.52 0
253.005 246.21 0
235.245 245.296 0
222.513 244.924 0
218.372 244.856 0
205.649 244.782 0