504.167 743.023 0
509.031 743.431 0
514.64 743.98 0
521.253 744.538 0
526.828 744.757 0
531.83 744.652 0
537.35 744.207 0
542.604 743.495 0
546.727 742.757 0
551.144 741.813 0
555.132 740.865 0
559.927 739.685 0
564.368 738.632 0
567.907 737.872 0
572.547 737.05 0
577.349 736.43 0
583.218 735.934 0
588.919 735.667 0
594.344 735.547 0
599.873 735.51 0
605.326 735.521 0
611.201 735.546 0
616.906 735.545 0
622.489 735.523 0
626.888 735.521 0
633.22 735.588 0
639.129 735.773 0
644.254 736.04 0
649.415 736.391 0
656.879 737.01 0
664.696 737.719 0
671.225 738.191 0
677.406 738.378 0
683.227 738.202 0
688.893 737.701 0
695.409 736.804 0
701.004 735.832 0
706.991 734.67 0
711.629 733.773 0
717.587 732.75 0
723.271 732.041 0
728.274 731.717 0
734.965 731.695 0
740.784 732.002 0
748.528 732.786 0
756.012 733.863 0
763.375 735.151 0
770.707 736.588 0
778.439 738.216 0
786.606 740.015 0
793.926 741.669 0
801.198 743.369 0
806.865 744.766 0
813.93 746.625 0
821.994 748.819 0
830.261 750.908 0
836.705 752.266 0
843.286 753.36 0
849.981 754.179 0
855.269 754.622 0
861.984 754.992 0
868.274 755.305 0
874.266 755.731 0
880.516 756.454 0
886.952 757.501 0
894.467 759.027 0
900.398 760.398 0
907.98 762.286 0
914.434 763.954 0
920.527 765.532 0
926.836 767.148 0
933.754 768.952 0
940.151 770.705 0
946.675 772.615 0
953.212 774.57 0
959.313 776.315 0
965.656 777.934 0
972.134 779.347 0
977.756 780.428 0
984.13 781.553 0
990.15 782.577 0
995.912 783.571 0
1002.38 784.758 0
1008.87 786.086 0
1014.49 787.364 0
1019.55 788.595 0
1025.02 789.982 0
1031.95 791.79 0
1037.57 793.275 0
1043.04 794.719 0
1048.86 796.244 0
1054.85 797.788 0
1060.87 799.293 0
1066.7 800.697 0
1072.31 801.979 0
1078.97 803.402 0
1084.34 804.483 0
1090.34 805.634 0
1095.34 806.56 0
1100.82 807.557 0
1106.99 808.699 0
1113.9 810.052 0
1119.11 811.166 0
1124.61 812.432 0
1130.3 813.827 0
1136.27 815.366 0
1142.31 816.981 0
1148.05 818.555 0
1153.58 820.083 0
1159.6 821.74 0
1166.12 823.494 0
1172.21 825.061 0
1177.67 826.38 0
1183 827.562 0
1189.61 828.872 0
1195.15 829.846 0
1200.83 830.734 0
1206.78 831.554 0
1212.92 832.289 0
1219.02 832.912 0
1224.51 833.383 0
1229.85 833.756 0
1235.09 834.013 0
1240.98 834.133 0
1247.09 834.019 0
1252.6 833.684 0
1257.68 833.216 0
1262.73 832.639 0
1268.22 831.931 0
1273.3 831.241 0
1278.61 830.514 0
1283.56 829.852 0
1288.51 829.23 0
1293.94 828.612 0
1298.78 828.087 0
1303.87 827.498 0
1308.93 826.814 0
1314.44 825.887 0
1320.05 824.707 0
1325.48 823.34 0
1330.32 821.94 0
1334.73 820.517 0
1339.55 818.822 0
1345.13 816.743 0
1350.11 814.855 0
1354.87 813.075 0
1359.72 811.344 0
1365.1 809.489 0
1370.39 807.677 0
1375.67 805.822 0
1380.19 804.151 0
1385.57 802.044 0
1391.13 799.701 0
1395.88 797.562 0
1400.81 795.198 0
1405.58 792.774 0
1410.74 790.063 0
1415.9 787.321 0
1420.86 784.711 0
1425.87 782.148 0
1430.74 779.731 0
1435.31 777.511 0
1440.73 774.928 0
1446.22 772.35 0
1451.13 770.065 0
1455.95 767.852 0
1460.71 765.7 0
1465.59 763.522 0
1470.9 761.198 0
1476.02 759.001 0
1481.34 756.77 0
1486.49 754.669 0
1491.35 752.741 0
1496.16 750.906 0
1501.11 749.125 0
1506.65 747.289 0
1512.28 745.629 0
1518.17 744.082 0
1523.26 742.852 0
1528.91 741.545 0
1533.83 740.416 0
1538.86 739.264 0
1544.48 737.996 0
1549.89 736.808 0
1555.79 735.566 0
1561.04 734.503 0
1566.81 733.357 0
1572.36 732.262 0
1577.23 731.289 0
1582.86 730.143 0
1587.79 729.112 0
1592.85 728.029 0
1597.89 726.917 0
1603.54 725.627 0
1609.11 724.302 0
1614.54 722.955 0
1620.48 721.418 0
1625.67 720.054 0
1630.84 718.748 0
1636.67 717.421 0
1642.32 716.37 0
1647.39 715.642 0
1652.56 715.085 0
1657.8 714.685 0
1663.67 714.398 0
1669.42 714.237 0
1674.51 714.145 0
1680.32 714.043 0
1685.35 713.913 0
1691.01 713.734 0
1696.66 713.594 0
1702.81 713.583 0
1707.7 713.742 0
1712.74 714.073 0
1717.92 714.562 0
1723.72 715.248 0
1729.39 716.023 0
1735.53 716.956 0
1740.97 717.859 0
1745.89 718.738 0
1751.47 719.803 0
1756.5 720.829 0
1762.69 722.18 0
1767.62 723.335 0
1772.69 724.596 0
1777.86 725.981 0
1783.09 727.52 0
1788.37 729.251 0
1793.67 731.206 0
1798.47 733.193 0
1803.43 735.476 0
1808.99 738.34 0
1813.98 741.194 0
1819.05 744.381 0
1824.14 747.845 0
1828.77 751.183 0
1834.06 755.182 0
1839.32 759.309 0
1844.53 763.45 0
1849.68 767.504 0
1854.36 771.067 0
1859.61 774.83 0
1864.86 778.312 0
1870.11 781.56 0
1875.8 784.877 0
1880.77 787.644 0
1885.74 790.349 0
1891.28 793.349 0
1896.72 796.368 0
1901.97 799.414 0
1907.14 802.569 0
1911.68 805.424 0
1916.81 808.675 0
1922.36 812.15 0
1927.79 815.439 0
1932.51 818.18 0
1937.33 820.882 0
1942.72 823.775 0
1947.87 826.407 0
1953.49 829.115 0
1958.88 831.506 0
1964.58 833.769 0
1970.02 835.632 0
1975.84 837.286 0
1980.98 838.444 0
1987.19 839.455 0
1992.61 839.993 0
1998.91 840.296 0
2004.89 840.377 0
2011.12 840.374 0
2017.04 840.37 0
2022.61 840.362 0
2028.67 840.333 0
2034.48 840.273 0
2040.57 840.168 0
2046.41 840.036 0
2052.19 839.882 0
2058.13 839.701 0
2063.84 839.472 0
2069.39 839.149 0
2074.98 838.673 0
2079.96 838.089 0
2086.11 837.146 0
2091.34 836.155 0
2097.36 834.796 0
2102.83 833.367 0
2107.73 831.945 0
2112.7 830.383 0
2117.9 828.635 0
2123.09 826.794 0
2130.32 824.104 0
2136.51 821.717 0
2142.63 819.309 0
2148.51 816.963 0
2154.41 814.554 0
2159.84 812.272 0
2165.22 809.932 0
2170.77 807.443 0
2175.96 805.091 0
2181.6 802.542 0
2186.65 800.312 0
2191.76 798.112 0
2196.93 795.943 0
2202.59 793.609 0
2207.65 791.546 0
2212.51 789.568 0
2217.5 787.511 0
2222.83 785.247 0
2228.16 782.87 0
2233.49 780.358 0
2238.06 778.124 0
2243.61 775.366 0
2248.11 773.145 0
2254.13 770.235 0
2259.23 767.834 0
2263.9 765.66 0
2269.04 763.274 0
2273.75 761.077 0
2278.94 758.644 0
2285 755.816 0
2290.14 753.46 0
2295.96 750.885 0
2301.69 748.436 0
2307.65 745.923 0
2313.5 743.438 0
2320.08 740.534 0
2324.2 738.611 0
2328.78 736.323 0
2333.73 733.634 0
2338.63 730.685 0
2344.35 726.949 0
2350.9 722.716 0
2356.59 719.477 0
2361.4 717.334 0
2365.77 715.927 0
2370.13 714.953 0
2374.3 714.356 0
2379.73 713.952 0
2384.67 713.834 0
2390.33 713.835 0
2395.1 713.823 0
2399.56 713.7 0
2404.7 713.311 0
2412.65 712.135 0
2419.09 710.846 0
2425.31 709.473 0
2431.37 708.13 0
2437.17 706.889 0
2442.55 705.807 0
2449.31 704.585 0
2455.78 703.615 0
2461.5 702.969 0
2466.81 702.586 0
2472.22 702.444 0
2477.7 702.554 0
2483.76 702.953 0
2489.18 703.536 0
2494.26 704.258 0
2499.09 705.065 0
2504.43 706.052 0
2510.1 707.146 0
2516.29 708.334 0
2520.96 709.21 0
2526.95 710.326 0
2534.59 711.75 0
2539.95 712.772 0
2545.38 713.878 0
2550.87 715.114 0
2556.4 716.532 0
2562.57 718.344 0
2567.17 719.808 0
2573.02 721.759 0
2578.96 723.771 0
2585.27 725.958 0
2590.01 727.734 0
2596.43 730.486 0
2602.16 733.417 0
2606.92 736.216 0
2611.42 739.139 0
2615.74 742.156 0
2619.98 745.286 0
2624.61 748.874 0
2629.01 752.389 0
2633.24 755.817 0
2638.37 759.986 0
2643.12 763.783 0
2647.59 767.269 0
2652.36 770.963 0
2657.35 774.875 0
2661.98 778.628 0
2666.86 782.79 0
2670.42 785.976 0
2674.48 789.733 0
2678.93 793.963 0
2682.65 797.566 0
2687.34 802.157 0
2690.72 805.475 0
2695.14 809.81 0
2699.32 813.894 0
2703.83 818.25 0
2707.55 821.807 0
2711.21 825.257 0
2715.31 829.093 0
2719.73 833.232 0
2723.89 837.159 0
2728.34 841.464 0
2732 845.096 0
2736.08 849.245 0
2739.95 853.246 0
2743.17 856.595 0
2746.91 860.476 0
2751.54 865.214 0
2755.79 869.456 0
2759.78 873.298 0
2764.07 877.227 0
2767.05 879.814 0
2771.07 883.079 0
2775.43 886.281 0
2779.48 888.962 0
2784.27 891.872 0
2789.15 894.676 0
2794.06 897.471 0
2798.5 900.086 0
2803.07 902.865 0
2807.74 905.718 0
2811.42 907.928 0
2814.95 909.979 0
2818.89 912.154 0
2823.19 914.359 0
2828.12 916.661 0
2833.5 918.89 0
2838.73 920.759 0
2843.92 922.323 0
2849.13 923.655 0
2854.71 924.88 0
2859.6 925.839 0
2863.98 926.648 0
2869.08 927.529 0
2874.57 928.364 0
2880.5 929.091 0
2886.1 929.567 0
2891.64 929.807 0
2896.95 929.805 0
2902.67 929.527 0
2908.88 928.886 0
2915.36 927.876 0
2921.46 926.674 0
2927.28 925.356 0
2933.49 923.819 0
2939.99 922.104 0
2946.71 920.259 0
2952.99 918.5 0
2959.08 916.758 0
2965.51 914.846 0
2972.08 912.793 0
2978.39 910.696 0
2985.49 908.165 0
2993.33 905.132 0
3000.39 901.683 0
3008.42 898.06 0
3017.07 894.624 0
3021.65 892.904 0
3031.53 889.268 0
3038.66 886.614 0
3045.68 883.875 0
3052.37 881.074 0
3058.74 878.223 0
3064.84 875.335 0
3070.75 872.416 0
3078.15 868.654 0
3083.46 865.916 0
3090.35 862.276 0
3098.08 857.967 0
3113.23 848.073 0
3124.01 840.003 0
3132.2 834.121 0
3138.24 829.836 0
3144.76 824.989 0
3151.07 819.72 0
3155.22 815.886 0
3158.98 812.224 0
3161.68 809.564 0
3166.37 804.985 0
3172.67 798.978 0
3178.28 793.711 0
3185.18 787.159 0
3191.39 780.561 0
3193.71 777.6 0
3196.32 773.622 0
3197.98 770.738 0
3199.65 767.731 0
3201.99 763.701 0
3205.89 757.968 0
3210.29 751.913 0
3213.75 746.565 0
3216.26 741.73 0
3218.63 736.301 0
3220.63 731.397 0
3222.1 727.845 0
3223.57 724.308 0
3225.04 720.779 0
3227.64 714.286 0
3229.41 709.577 0
3230.58 706.171 0
3231.95 701.718 0
3233.3 696.486 0
3234.13 692.7 0
3235.41 685.891 0
3236.36 678.892 0
3236.51 673.82 0
3236.42 672.219 0
3236.3 671.085 0
3233.57 660.866 0
3231 655.574 0
3228.77 651.749 0
3229.02 652.151 0
3227.94 650.382 0
3224.66 644.878 0
3223.13 641.969 0
3221.31 637.742 0
3220.23 634.696 0
3219.17 631.433 0
3218.03 628.009 0
3216.25 623.372 0
3213.66 617.832 0
3210.86 612.725 0
3207.94 607.93 0
3205.06 603.359 0
3202.38 598.947 0
3200.06 594.646 0
3198.1 590.421 0
3196.3 586.247 0
3194.46 582.108 0
3191.8 576.84 0
3188.29 570.728 0
3186.33 567.475 0
3184.92 565.149 0
3182.56 561.175 0
3179.34 554.798 0
3177.62 549.009 0
3176.93 542.447 0
3176.28 537.711 0
3174.14 531.899 0
3171.12 526.498 0
3169.03 522.61 0
3167.49 518.608 0
3166.45 510.818 0
3166.18 502.694 0
3165.33 495.567 0
3164.14 489.161 0
3162.66 483.279 0
3159.75 476.493 0
3158.27 474.157 0
3153.9 468.671 0
3149.36 463.442 0
3147.39 460.977 0
3144.56 456.652 0
3141.7 450.946 0
3138.88 445.528 0
3135.22 440.317 0
3132.13 436.576 0
3129.88 433.91 0
3126.29 429.368 0
3122.54 423.436 0
3119.45 417.818 0
3117.05 413.781 0
3113.12 408.182 0
3110.1 404.163 0
3107.02 399.919 0
3103.33 394.131 0
3100.81 389.973 0
3096.8 384.218 0
3093.13 380.088 0
3091.54 378.536 0
3086.99 374.667 0
3081.09 370.502 0
3076.19 367.532 0
3072.41 365.433 0
3067.02 362.552 0
3065.85 361.93 0
3059.91 358.703 0
3053.76 354.981 0
3048.54 350.895 0
3044.45 346.538 0
3043.04 344.874 0
3039.32 340.829 0
3033.93 336.487 0
3026.63 331.917 0
3019.24 327.18 0
3018.62 326.723 0
3016.5 324.998 0
3013.37 320.856 0
3009.8 313.423 0
3000.01 308.079 0
2995.06 309.323 0
2989.3 307.113 0
2983.96 305.278 0
2977.39 303.127 0
2970.26 300.689 0
2962.57 297.706 0
2955.64 294.811 0
2951.62 293.121 0
2945.18 290.51 0
2941.67 289.183 0
2938.78 288.167 0
2934.67 286.863 0
2929.5 285.525 0
2923.72 284.444 0
2917.36 283.618 0
2906.17 282.546 0
2896.15 281.301 0
2892.2 280.57 0
2887.99 279.583 0
2882.24 277.939 0
2875.25 275.631 0
2870.42 273.935 0
2865.68 272.267 0
2860.21 270.422 0
2853.44 268.393 0
2846.5 266.743 0
2839.44 265.468 0
2832.3 264.494 0
2825.85 263.807 0
2819.83 263.263 0
2812.75 262.664 0
2807.03 262.162 0
2799.43 261.446 0
2792.63 260.736 0
2786.35 260.005 0
2779.09 259.049 0
2771.77 257.94 0
2764.5 256.702 0
2756.52 255.211 0
2749.39 253.79 0
2741.51 252.154 0
2734.47 250.656 0
2727.34 249.165 0
2720.82 247.908 0
2714.76 246.897 0
2707.66 245.993 0
2697.09 245.417 0
2688.06 245.716 0
2678.81 246.433 0
2669.39 247.159 0
2659.85 247.442 0
2650.92 246.992 0
2642.42 246.052 0
2634.81 244.963 0
2626.59 243.71 0
2617.92 242.511 0
2608.33 241.49 0
2599.96 240.882 0
2591.87 240.556 0
2582.82 240.509 0
2575.31 240.723 0
2565.35 241.273 0
2554.74 242.037 0
2544.37 242.795 0
2534.83 243.349 0
2524.56 243.614 0
2513.06 243.262 0
2503.25 242.218 0
2493.96 240.577 0
2485.23 238.731 0
2476.21 236.837 0
2466.81 235.222 0
2457.3 234.268 0
2447.24 234.029 0
2436.58 234.567 0
2426.85 235.703 0
2413.72 237.88 0
2402.42 239.552 0
2392.24 240.206 0
2381.52 239.44 0
2371.26 237.526 0
2360.47 234.975 0
2350.39 232.742 0
2340.4 231.212 0
2329.81 230.591 0
2319.07 231.206 0
2306.5 233.757 0
2293.7 237.722 0
2281.05 241.15 0
2268.96 242.24 0
2257.21 240.738 0
2246.04 238.053 0
2234.61 235.244 0
2223.66 233.463 0
2211.04 232.829 0
2198.64 233.76 0
2185.37 236.42 0
2171.89 239.777 0
2158.44 242.145 0
2146.58 242.33 0
2134.26 241.111 0
2122.03 239.547 0
2108.95 238.609 0
2097.07 238.626 0
2084.28 239.306 0
2069.97 240.519 0
2056.71 241.557 0
2042.96 241.903 0
2030.07 241.099 0
2016.1 239.431 0
2002.68 237.859 0
1989.68 237.032 0
1976.44 237.148 0
1962.64 238.438 0
1948.48 240.853 0
1934.96 243.12 0
1920.79 244.129 0
1905.92 243.134 0
1891.97 241.26 0
1877.32 239.464 0
1862.77 238.425 0
1848.91 238.241 0
1834.2 238.947 0
1820.37 240.128 0
1805.78 241.44 0
1791.3 242.409 0
1776.25 242.831 0
1760.79 242.446 0
1745.66 241.438 0
1730.75 240.279 0
1715.44 239.353 0
1701.12 239.037 0
1686.19 239.559 0
1670.93 240.894 0
1654.68 242.555 0
1639.8 243.719 0
1624.39 244.202 0
1608.58 243.642 0
1592.6 242.301 0
1576.34 241.248 0
1560.86 241.314 0
1544.65 242.001 0
1529.06 242.491 0
1513.08 242.478 0
1497.65 242.016 0
1481.75 241.278 0
1465.97 240.906 0
1450.04 241.535 0
1433.63 242.945 0
1417.26 244.168 0
1400.94 244.546 0
1385.01 244.01 0
1368.05 242.601 0
1351.94 241.566 0
1336.77 242.071 0
1321.01 244.188 0
1305.5 246.797 0
1290.84 248.832 0
1273.8 249.984 0
1257.01 249.305 0
1238.99 247.489 0
1223.18 246.701 0
1207.72 247.413 0
1193.4 248.878 0
1178.2 250.653 0
1163.01 252.043 0
1146.53 252.422 0
1129.54 251.471 0
1112.51 250.299 0
1097.88 249.976 0
1083.05 250.483 0
1067.29 251.944 0
1053.18 253.869 0
1037.45 256.193 0
1022.13 258.107 0
1006.8 259.183 0
992.055 258.984 0
976.459 257.643 0
960.804 256.532 0
946.343 256.921 0
931.535 258.687 0
917.7 260.991 0
905.255 263.109 0
891.332 264.895 0
875.046 265.286 0
860.176 264.045 0
845.087 262.736 0
830.475 262.8 0
816.895 263.965 0
804.768 265.323 0
791.029 266.629 0
777.43 267.434 0
763.218 267.631 0
749.268 267.21 0
734.145 266.717 0
721.021 266.891 0
708.506 267.749 0
695.813 268.867 0
683.617 269.722 0
669.91 270.125 0
656.354 270.117 0
643.361 269.941 0
629.069 269.768 0
617.771 269.76 0
606.601 269.955 0
594.903 270.454 0
582.201 271.399 0
570.011 272.76 0
559.047 274.341 0
548.988 275.847 0
537.509 277.29 0
525.979 278.08 0
513.156 277.956 0
501.775 276.96 0
488.145 274.686 0
475.901 272.059 0
463.128 269.76 0
452.433 268.968 0
440.158 269.807 0
430.161 271.564 0
422.135 273.439 0
413.379 275.746 0
407.534 277.335 0
399.446 279.464 0
389.702 281.703 0
379.701 283.34 0
369.151 284.047 0
358.556 283.842 0
347.929 283.088 0
340.113 282.403 0
332.746 281.802 0
324.481 281.276 0
311.897 280.948 0
301.249 281.294 0
292.838 282.063 0
283.814 283.231 0
275.567 284.397 0
268.92 285.267 0
261.801 286.006 0
253.288 286.488 0
245.411 286.558 0
236.778 286.289 0
228.813 285.781 0
219.65 284.967 0
209.599 283.904 0
200.46 282.911 0