501.405 716.249 0
509.347 715.366 0
515.09 714.809 0
523.407 714.098 0
529.422 713.643 0
533.756 713.341 0
536.841 713.138 0
543.186 712.751 0
551.874 712.282 0
554.043 712.175 0
559.685 711.91 0
563.745 711.73 0
566.652 711.604 0
568.718 711.517 0
574.231 711.295 0
578.198 711.162 0
585.087 711.019 0
594.077 711.083 0
600.579 711.333 0
605.285 711.623 0
608.661 711.89 0
615.075 712.508 0
619.696 713.016 0
626.966 713.862 0
632.231 714.47 0
639.939 715.321 0
645.502 715.89 0
649.501 716.268 0
656.253 716.86 0
665.004 717.588 0
671.327 718.122 0
679.713 718.905 0
685.787 719.568 0
693.962 720.637 0
696.054 720.946 0
705.138 722.464 0
711.718 723.742 0
720.203 725.547 0
726.362 726.921 0
734.526 728.755 0
740.432 730.044 0
752.03 732.372 0
760.439 733.905 0
770.141 735.577 0
773.526 736.148 0
779.578 737.166 0
787.532 738.533 0
796.862 740.362 0
807.185 743.006 0
818.187 746.71 0
829.658 751.402 0
827.373 750.433 0
829.202 751.209 0
826.922 750.242 0
828.742 751.013 0
830.013 751.552 0
834.414 753.395 0
841.073 755.977 0
849.352 758.616 0
862.216 761.574 0
874.943 763.575 0
884.167 764.876 0
894.211 766.412 0
904.829 768.285 0
912.51 769.85 0
921.376 771.907 0
927.765 773.548 0
932.371 774.795 0
938.97 776.643 0
943.704 777.995 0
947.09 778.967 0
952.776 780.592 0
960.128 782.651 0
968.671 785.005 0
974.823 786.748 0
982.468 789.072 0
987.975 790.966 0
991.924 792.497 0
997.925 795.189 0
1002.23 797.424 0
1005.31 799.164 0
1010.64 802.438 0
1014.47 804.975 0
1014.04 804.678 0
1016.81 806.586 0
1021.91 810.208 0
1022.42 810.572 0
1016.38 806.291 0
1018.28 807.621 0
1022.74 810.801 0
1025.92 813.039 0
1031.31 816.596 0
1032.06 817.055 0
1032.53 817.342 0
1032.82 817.515 0
1036.1 819.334 0
1035.3 818.915 0
1040.88 821.541 0
1044.89 823.013 0
1047.75 823.868 0
1049.76 824.378 0
1051.18 824.694 0
1052.15 824.893 0
1055.87 825.51 0
1064.63 826.243 0
1076.97 826.302 0
1085.9 826.137 0
1095.33 825.945 0
1105.1 825.782 0
1112.16 825.641 0
1120.17 825.411 0
1128.87 825.053 0
1132.21 824.883 0
1134.58 824.752 0
1144.93 824.064 0
1152.42 823.456 0
1160.66 822.686 0
1166.59 822.08 0
1170.85 821.624 0
1179.54 820.645 0
1188.61 819.522 0
1197.93 818.206 0
1207.43 816.599 0
1214.28 815.213 0
1213.62 815.355 0
1221.38 813.595 0
1226.96 812.252 0
1233.68 810.617 0
1241.21 808.822 0
1249.32 806.994 0
1257.85 805.231 0
1269.3 802.932 0
1277.56 801.171 0
1286.14 799.16 0
1294.94 796.855 0
1301.26 795.105 0
1303.17 794.574 0
1307.1 793.493 0
1315.07 791.39 0
1323.36 789.365 0
1334.42 786.974 0
1344.92 784.903 0
1355.01 782.899 0
1362.27 781.407 0
1372.45 779.242 0
1379.79 777.655 0
1389.96 775.482 0
1402.14 772.882 0
1410.94 770.883 0
1417.26 769.331 0
1426.58 766.794 0
1433.28 764.751 0
1438.07 763.173 0
1443.85 761.138 0
1450.34 758.681 0
1454.98 756.817 0
1460.63 754.434 0
1462.3 753.704 0
1468.12 751.092 0
1474.59 748.089 0
1479.23 745.913 0
1482.52 744.369 0
1484.83 743.289 0
1488.74 741.478 0
1491.5 740.209 0
1495.73 738.287 0
1501.01 735.923 0
1504.78 734.263 0
1509.71 732.14 0
1515.49 729.759 0
1519.62 728.148 0
1524.79 726.266 0
1528.48 725.062 0
1531.09 724.311 0
1532.92 723.846 0
1531.93 724.092 0
1531.12 724.303 0
1530.46 724.484 0
1529.9 724.642 0
1529.42 724.781 0
1531.25 724.27 0
1534.74 723.438 0
1537.22 722.983 0
1543.38 722.443 0
1545.61 722.466 0
1547.16 722.543 0
1546.01 722.482 0
1551.72 723.018 0
1555.82 723.697 0
1558.75 724.287 0
1563 725.24 0
1563.85 725.441 0
1566.59 726.097 0
1568.53 726.569 0
1574.2 727.949 0
1580.42 729.372 0
1589.15 731.067 0
1597.55 732.477 0
1605.71 733.779 0
1615.76 735.402 0
1623.01 736.629 0
1634.39 738.661 0
1644.64 740.583 0
1656.06 742.854 0
1664.32 744.627 0
1674.24 746.98 0
1685.33 749.995 0
1693.35 752.381 0
1697.16 753.549 0
1703.77 755.586 0
1708.51 757.008 0
1713.83 758.512 0
1721.47 760.41 0
1732.66 762.666 0
1742.62 764.36 0
1753.53 766.186 0
1763.24 768.059 0
1772.08 770.053 0
1778.45 771.669 0
1786.64 773.951 0
1792.54 775.694 0
1800.35 778.092 0
1809.54 781.005 0
1816.15 783.151 0
1820.88 784.695 0
1827.78 786.887 0
1832.72 788.371 0
1837.99 789.838 0
1843.49 791.271 0
1849.14 792.69 0
1860.02 795.506 0
1869.57 798.744 0
1874.75 801.122 0
1880.12 804.069 0
1882.26 805.333 0
1887.1 808.302 0
1893.88 812.464 0
1898.74 815.285 0
1903.84 818.027 0
1909.13 820.552 0
1912.89 822.115 0
1918.82 824.164 0
1918.14 823.953 0
1914.24 822.622 0
1907.96 820.023 0
1906.65 819.411 0
1900.58 816.304 0
1897.76 814.735 0
1908.85 820.428 0
1915.24 822.985 0
1923.08 825.36 0
1935.09 827.734 0
1942.21 828.526 0
1948.91 828.831 0
1955.3 828.711 0
1958.31 828.532 0
1962.02 828.228 0
1967.78 827.612 0
1973.47 826.901 0
1979.09 826.126 0
1984.66 825.301 0
1991.71 824.187 0
1996.77 823.329 0
2000.4 822.672 0
2004.49 821.874 0
2007.4 821.262 0
2010.97 820.455 0
2016.5 819.091 0
2018.98 818.442 0
2022.21 817.567 0
2027.48 816.093 0
2032.73 814.587 0
2039.42 812.668 0
2044.25 811.324 0
2050.61 809.658 0
2059.49 807.559 0
2068.73 805.612 0
2078.21 803.79 0
2086.46 802.244 0
2093.8 800.825 0
2099.08 799.751 0
2105.62 798.338 0
2111.69 796.925 0
2117.42 795.505 0
2124.24 793.711 0
2129.15 792.356 0
2135.36 790.589 0
2143.81 788.13 0
2151.22 785.968 0
2159.19 783.671 0
2166.23 781.678 0
2173.88 779.545 0
2183.23 776.901 0
2189.98 774.907 0
2197.36 772.573 0
2205.19 769.853 0
2210.83 767.713 0
2216.13 765.592 0
2222.4 762.979 0
2226.91 761.056 0
2232.59 758.623 0
2237.88 756.39 0
2241.67 754.835 0
2245.58 753.283 0
2251.98 750.811 0
2257.78 748.55 0
2264.31 745.863 0
2271.36 742.671 0
2275.27 740.737 0
2280.39 737.988 0
2284.06 735.855 0
2286.68 734.267 0
2288.53 733.127 0
2287.48 733.779 0
2293.6 729.982 0
2295.7 728.689 0
2298.34 727.111 0
2301.33 725.391 0
2304.6 723.629 0
2311.45 720.411 0
2314.14 719.349 0
2313.76 719.489 0
2315.69 718.792 0
2317.02 718.348 0
2317.92 718.068 0
2317.38 718.233 0
2324.78 716.437 0
2335.56 715.383 0
2350.83 715.6 0
2362.96 716.156 0
2370.69 716.468 0
2376.26 716.724 0
2382.33 717.083 0
2386.69 717.401 0
2387.71 717.482 0
2388.37 717.536 0
2390.87 717.751 0
2396.76 718.317 0
2400.98 718.773 0
2407.04 719.484 0
2413.42 720.266 0
2419.02 720.95 0
2427 721.907 0
2434.71 722.854 0
2442.22 723.837 0
2448.58 724.698 0
2455.08 725.559 0
2460.7 726.251 0
2464.7 726.707 0
2470.42 727.296 0
2477.34 727.901 0
2484.2 728.442 0
2492.83 729.363 0
2499.97 730.611 0
2505.95 732.062 0
2512.02 733.881 0
2515.42 735.04 0
2523.17 737.986 0
2531.37 741.308 0
2538.13 743.984 0
2544.71 746.465 0
2550.31 748.5 0
2556.86 750.831 0
2563.25 753.078 0
2569.5 755.292 0
2574.78 757.198 0
2581.88 759.811 0
2587.77 761.998 0
2593.6 764.153 0
2601.81 767.151 0
2609.3 769.905 0
2617.03 772.843 0
2624.14 775.732 0
2629.99 778.33 0
2635.72 781.129 0
2641.34 784.158 0
2646.88 787.42 0
2651.56 790.403 0
2656.38 793.688 0
2655.2 792.865 0
2661.08 797.02 0
2666.79 801.132 0
2668.57 802.41 0
2672.01 804.854 0
2676.65 808.059 0
2679.19 809.751 0
2683.84 812.73 0
2690.75 816.778 0
2697.13 820.074 0
2702.41 822.541 0
2708.97 825.387 0
2715.75 828.177 0
2720.58 830.126 0
2726.77 832.635 0
2732.56 835.039 0
2738.03 837.395 0
2743.94 840.054 0
2749.48 842.667 0
2753.4 844.594 0
2758.81 847.334 0
2763.95 850.014 0
2768.24 852.289 0
2773.87 855.305 0
2778.5 857.803 0
2783.05 860.272 0
2788.16 863.049 0
2792.43 865.358 0
2797.3 867.991 0
2802.61 870.848 0
2806.99 873.193 0
2811.92 875.817 0
2816.62 878.307 0
2821.17 880.7 0
2825.57 883.01 0
2830.48 885.565 0
2835.72 888.286 0
2840.6 890.808 0
2845.23 893.193 0
2849.08 895.169 0
2854.09 897.726 0
2858.79 900.095 0
2863.25 902.314 0
2866.96 904.13 0
2871.83 906.465 0
2876.38 908.612 0
2880.71 910.618 0
2885.96 913.024 0
2890.76 915.193 0
2896.31 917.673 0
2901.32 919.895 0
2906.47 922.163 0
2912.21 924.675 0
2917.35 926.894 0
2922.03 928.883 0
2926.9 930.909 0
2931.37 932.727 0
2935.05 934.182 0
2938.66 935.572 0
2942.2 936.892 0
2946.19 938.326 0
2952.99 940.645 0
2958.32 942.37 0
2962.58 943.699 0
2965.57 944.609 0
2969.6 945.808 0
2978.58 948.368 0
2985.97 950.365 0
2990.32 951.492 0
2996.61 953.045 0
3064.09 954.49 0
3060.48 955.893 0
3056.9 956.999 0
3054.7 957.584 0
3051.71 958.302 0
3046.59 959.369 0
3043.72 959.901 0
3041.77 960.24 0
3054.82 957.555 0
3060.22 955.981 0
3064.22 954.432 0
3063.57 954.721 0
3063.66 954.681 0
3064.03 954.519 0
3069.45 951.179 0
3071.2 949.312 0
3072.32 947.784 0
3073.28 946.437 0
3075.05 944.053 0
3076.61 941.906 0
3077.3 940.862 0
3078.34 939.064 0
3078.93 937.739 0
3079.3 936.569 0
3079.53 934.85 0
3079.3 932.882 0
3079.15 931.108 0
3079.85 929.431 0
3081.25 928.237 0
3085.82 926.32 0
3095.16 924.227 0
3113.84 921.763 0
3138.73 919.586 0
3173.45 917.181 0
3216.36 914.468 0
3260.4 911.521 0
3292.36 908.743 0
3310.07 905.667 0
3312.69 903.204 0
3309.13 900.745 0
3302.2 897.861 0
3298.07 894.971 0
3300.71 892.216 0
3309.53 889.131 0
3320.19 886.317 0
3330.32 883.612 0
3338.57 880.684 0
3343.4 877.762 0
3346.21 874.746 0
3348.57 871.353 0
3352.58 867.623 0
3359.09 863.763 0
3366.52 859.885 0
3373.02 856.124 0
3378.1 852.035 0
3381.68 848.14 0
3385.11 844.134 0
3389.71 839.683 0
3395.18 835.017 0
3400.3 830.501 0
3404.84 825.714 0
3408.51 821.022 0
3411.64 816.439 0
3414.79 811.425 0
3417.6 806.467 0
3420.24 801.083 0
3422.16 795.999 0
3423.23 791.135 0
3423.53 786.086 0
3423.65 781.593 0
3424.18 777.279 0
3425.46 772.609 0
3427.14 767.853 0
3428.96 762.426 0
3430.19 757.403 0
3430.8 752.375 0
3430.74 747.645 0
3430.36 743.153 0
3429.95 738.359 0
3429.73 733.082 0
3429.7 727.553 0
3429.76 722.771 0
3429.54 717.257 0
3428.8 712.765 0
3426.66 705.724 0
3425.06 699.369 0
3424.56 693.625 0
3424.2 687.217 0
3423.47 681.716 0
3422.38 675.646 0
3421.28 669.583 0
3420.35 664.65 0
3419.28 659.795 0
3417.75 654.041 0
3416.03 648.357 0
3414.12 642.329 0
3412.72 637.264 0
3411.67 631.985 0
3410.66 626.553 0
3409.38 622.098 0
3407.03 616.591 0
3404.19 610.384 0
3402.65 606.316 0
3401.08 601.973 0
3399.19 597.62 0
3396.56 593.151 0
3393.49 588.681 0
3390.09 583.666 0
3387.12 578.624 0
3384.64 574.013 0
3382.31 569.746 0
3379.71 565.287 0
3376.95 560.894 0
3373.81 556.287 0
3370.64 551.95 0
3367.64 548.054 0
3364.16 543.704 0
3360.49 539.268 0
3357.44 535.686 0
3354.04 531.793 0
3350.36 527.657 0
3346.14 522.995 0
3341.57 517.994 0
3337.59 513.693 0
3333.45 509.273 0
3329.39 505.048 0
3325.26 500.878 0
3320.12 495.916 0
3315.06 491.293 0
3309.73 486.622 0
3304.87 482.389 0
3299.51 477.605 0
3294.56 473.147 0
3289.67 468.915 0
3284.66 464.883 0
3278.44 460.171 0
3272.91 456.056 0
3267.36 451.828 0
3262.33 447.904 0
3257.57 444.15 0
3252.54 440.203 0
3246.99 435.931 0
3241.84 432.093 0
3236.21 428.083 0
3230.68 424.31 0
3223.97 419.86 0
3217.67 415.699 0
3211.76 411.743 0
3206.07 407.882 0
3200.41 404.006 0
3195.18 400.424 0
3190.19 397.015 0
3185.3 393.727 0
3179.63 390.006 0
3174.47 386.731 0
3167.8 382.649 0
3162.03 379.233 0
3156.02 375.788 0
3148.92 371.865 0
3142.82 368.636 0
3136.61 365.483 0
3126.85 360.815 0
3109.67 353.099 0
3094.44 346.424 0
3082.48 341.27 0
3070.84 336.421 0
3061.32 332.608 0
3052.54 329.215 0
3043.36 325.795 0
3034.65 322.669 0
3027.78 320.271 0
3021.83 318.241 0
3016.04 316.3 0
3010.28 314.399 0
3002.91 312.004 0
2994.15 309.164 0
2987.16 306.928 0
2977.05 303.735 0
2967.69 300.877 0
2958.83 298.319 0
2950.31 296.041 0
2943.08 294.255 0
2935.16 292.407 0
2926.7 290.501 0
2919.49 288.884 0
2912.06 287.189 0
2903.89 285.302 0
2896.28 283.564 0
2888.48 281.84 0
2881.71 280.422 0
2873.29 278.779 0
2866.01 277.438 0
2859.55 276.279 0
2853.71 275.234 0
2847.07 274.028 0
2840.43 272.783 0
2835.65 271.874 0
2829.11 270.63 0
2822.52 269.406 0
2815.25 268.124 0
2808.73 267.065 0
2796.11 265.286 0
2788.96 264.407 0
2782.44 263.671 0
2776.4 263.031 0
2768.65 262.25 0
2760.32 261.413 0
2753.61 260.703 0
2744.61 259.638 0
2736.67 258.539 0
2728.8 257.283 0
2719.49 255.622 0
2709.8 253.742 0
2700.57 251.86 0
2693.17 250.333 0
2683.28 248.34 0
2674.61 246.714 0
2667.58 245.527 0
2657.82 244.108 0
2649.15 243.018 0
2641.28 242.111 0
2631.57 241.032 0
2624.56 240.246 0
2620.34 239.769 0
2614.9 239.153 0
2594.73 236.896 0
2580.96 235.5 0
2571 234.731 0
2562.93 234.343 0
2552.65 234.219 0
2542.49 234.387 0
2533.31 234.634 0
2525.79 234.807 0
2518.55 234.891 0
2513.33 234.901 0
2495.25 234.694 0
2478.18 234.284 0
2466.81 233.911 0
2456.6 233.491 0
2446.21 232.972 0
2429.44 232.053 0
2418.34 231.495 0
2405.06 231.003 0
2396.54 230.854 0
2389.35 230.865 0
2383.14 230.995 0
2376.54 231.257 0
2365.21 231.847 0
2357.04 232.235 0
2344.46 232.477 0
2328.5 232.143 0
2316.95 231.949 0
2309.78 232.045 0
2303.5 232.307 0
2287.08 233.496 0
2275.18 234.497 0
2264.16 235.279 0
2255.02 235.714 0
2240.99 235.809 0
2225.76 235.055 0
2214.77 234.327 0
2200.36 233.746 0
2186 233.878 0
2175.63 234.323 0
2169.5 234.687 0
2165.13 234.981 0
2163.38 235.104 0
2145.94 236.329 0
2130.53 237.039 0
2119.4 237.239 0
2109.99 237.395 0
2096.09 237.971 0
2086.07 238.78 0
2080.33 239.339 0
2073.36 240.053 0
2068.4 240.557 0
2064.88 240.899 0
2055.09 241.731 0
2042.05 242.503 0
2029.62 242.823 0
2016.06 242.685 0
2007.82 242.459 0
1997.27 242.172 0
1983.37 242.062 0
1971.75 242.286 0
1963.38 242.615 0
1954.18 243.127 0
1949.2 243.466 0
1944.07 243.858 0
1933.92 244.76 0
1926.62 245.505 0
1919.75 246.276 0
1911.53 247.256 0
1905.63 247.939 0
1894.68 249.005 0
1885.09 249.538 0
1874.76 249.566 0
1862.09 249.15 0
1847.64 248.721 0
1837.22 248.805 0
1826.14 249.383 0
1816.36 250.373 0
1807.53 251.679 0
1804.84 252.132 0
1801.18 252.767 0
1800.45 252.895 0
1798.22 253.283 0
1793.06 254.156 0
1781.98 255.685 0
1772.13 256.321 0
1761.27 256.283 0
1753.46 256.007 0
1744.05 255.651 0
1731.47 255.488 0
1720.44 255.599 0
1712.52 255.746 0
1704.89 255.888 0
1695.45 256.019 0
1684.66 256.089 0
1672.84 256.047 0
1662.29 255.882 0
1652.64 255.608 0
1639.47 255.009 0
1623.61 253.914 0
1607.86 252.571 0
1589.94 251.041 0
1577 250.151 0
1565.49 249.66 0
1554.99 249.533 0
1545.24 249.619 0
1536 249.791 0
1527.14 249.96 0
1516.25 250.122 0
1506.13 250.272 0
1496.57 250.463 0
1487.39 250.729 0
1480.84 250.965 0
1471.49 251.335 0
1464.81 251.603 0
1452.91 252.034 0
1439.53 252.371 0
1429.9 252.466 0
1420.57 252.406 0
1408.96 252.097 0
1400.62 251.721 0
1392.19 251.219 0
1381.16 250.391 0
1357.8 248.355 0
1343.51 247.288 0
1333.23 246.791 0
1320.62 246.674 0
1311.57 247.027 0
1302.47 247.701 0
1295.98 248.262 0
1291.38 248.649 0
1282.82 249.246 0
1274.02 249.543 0
1265.03 249.498 0
1250.35 248.881 0
1236.99 248.003 0
1221.77 247.118 0
1207.98 246.951 0
1198.06 247.392 0
1190.97 247.89 0
1188.79 248.056 0
1184.5 248.386 0
1169.97 249.271 0
1156.58 249.493 0
1141.04 249.181 0
1126.84 248.575 0
1116.62 248.063 0
1100.22 247.302 0
1088.4 246.886 0
1079.93 246.61 0
1070.81 246.278 0
1061.21 245.838 0
1051.23 245.308 0
1040.96 244.788 0
1030.45 244.397 0
1016.56 244.261 0
1006.59 244.47 0
996.244 244.982 0
985.608 245.823 0
978.003 246.563 0
969.334 247.47 0
963.15 248.118 0
958.789 248.558 0
949.145 249.436 0
945.589 249.719 0
936.471 250.318 0
923.226 250.788 0
913.713 250.793 0
903.496 250.561 0
892.754 250.157 0
878.116 249.557 0
864.062 249.285 0
853.962 249.513 0
846.778 249.974 0
838.151 250.763 0
828.478 251.738 0
817.984 252.611 0
803.207 253.072 0
785.214 252.669 0
772.228 252.038 0
759.188 251.306 0
746.063 250.595 0
732.866 249.983 0
723.401 249.547 0
708.989 248.744 0
702.459 248.296 0
694.018 247.707 0
684.153 247.129 0
669.272 246.812 0
658.58 247.126 0
650.963 247.599 0
645.57 248.047 0
637.819 248.837 0
632.326 249.479 0
628.459 249.951 0
625.817 250.274 0
624.047 250.488 0
614.905 251.511 0
600.238 252.504 0
589.695 252.548 0
573.902 252 0
566.663 251.681 0
557.396 251.322 0
542.403 250.807 0
531.602 250.42 0
515.359 249.725 0
499.358 248.903 0
487.826 248.232 0
475.229 247.47 0
466.181 246.939 0
450.917 246.153 0
439.95 245.745 0
432.092 245.572 0
430.921 245.557 0
425.813 245.523 0
417.795 245.594 0
412.111 245.744 0
403.635 246.139 0
393.086 246.943 0
385.554 247.747 0
375.657 249.032 0
368.601 250.026 0
363.588 250.733 0
360.093 251.213 0
357.676 251.535 0
356.071 251.743 0
345.813 252.92 0
343.099 253.181 0
336.635 253.708 0
332.045 253.993 0
324.142 254.289 0
313.812 254.27 0
301.671 253.8 0
288.141 253.18 0
278.428 252.977 0
271.5 253.022 0
261.733 253.32 0
254.765 253.673 0
249.808 253.983 0
241.467 254.588 0
235.571 255.035 0
226.471 255.657 0
219.957 255.98 0
215.36 256.113 0
207.165 256.101 0