505.163 738.285 0
511.174 737.31 0
515.628 736.757 0
521.441 736.053 0
526.238 735.313 0
531.825 734.056 0
537.504 732.202 0
542.697 730.068 0
547.245 727.928 0
550.96 726.037 0
555.102 723.828 0
559.377 721.55 0
562.784 719.833 0
567.853 717.61 0
573.472 715.872 0
579.007 715.058 0
584.317 714.898 0
592.203 715.22 0
599.384 715.498 0
605.416 715.424 0
611.583 714.869 0
616.395 713.988 0
619.433 713.239 0
624.706 711.744 0
630.483 710.08 0
636.139 708.735 0
639.469 708.165 0
645.704 707.485 0
651.69 707.189 0
658.965 707.106 0
665.827 707.113 0
669.338 707.087 0
675.169 706.919 0
679.65 706.628 0
685.948 705.976 0
691.489 705.216 0
696.374 704.442 0
700.782 703.687 0
705.443 702.875 0
710.782 701.99 0
716.709 701.153 0
720.9 700.703 0
723.637 700.471 0
730.907 699.995 0
737.652 699.589 0
743.52 699.128 0
747.026 698.758 0
751.034 698.215 0
755.977 697.322 0
761.596 695.939 0
766.512 694.45 0
771.049 693.005 0
774.248 692.027 0
776.844 691.301 0
782.44 690.077 0
785.242 689.684 0
789.308 689.394 0
795.933 689.663 0
801.672 690.68 0
807.891 692.543 0
814.409 694.92 0
821.167 697.291 0
826.978 698.872 0
832.16 699.931 0
836.332 700.616 0
840.872 701.264 0
845.626 701.91 0
850.535 702.645 0
855.061 703.489 0
860.836 704.953 0
864.45 706.171 0
870.558 708.805 0
876.447 711.882 0
883.154 715.802 0
890.922 720.582 0
898.968 725.486 0
905.283 729.1 0
910.812 731.994 0
915.768 734.398 0
920.775 736.689 0
925.813 738.899 0
930.843 741.044 0
936.4 743.343 0
942.341 745.708 0
948.04 747.874 0
953.596 749.904 0
959.491 752.043 0
965.187 754.174 0
971.126 756.541 0
976.848 758.971 0
982.785 761.614 0
988.019 764.015 0
993.644 766.639 0
999.066 769.179 0
1004.81 771.849 0
1010.39 774.378 0
1015.75 776.745 0
1021.45 779.195 0
1026.97 781.531 0
1032.3 783.757 0
1037.94 786.085 0
1043.82 788.429 0
1048.99 790.392 0
1054.99 792.51 0
1060.25 794.208 0
1066.3 795.961 0
1072.08 797.419 0
1078.02 798.723 0
1083.34 799.824 0
1088.58 800.947 0
1094.61 802.408 0
1100.36 804.03 0
1107.79 806.408 0
1114.56 808.79 0
1120.37 810.943 0
1126.3 813.156 0
1131.97 815.211 0
1138.12 817.293 0
1143.62 819.011 0
1149.44 820.705 0
1154.23 822.016 0
1161.15 823.774 0
1167.21 825.107 0
1173.12 826.13 0
1178.46 826.755 0
1184.01 827.099 0
1190.17 827.164 0
1195.38 826.999 0
1200.53 826.675 0
1205.8 826.236 0
1211.46 825.715 0
1217.23 825.213 0
1222.78 824.812 0
1228.64 824.459 0
1234.45 824.149 0
1240.03 823.855 0
1245.72 823.543 0
1250.95 823.242 0
1256.3 822.919 0
1261.83 822.565 0
1267.68 822.142 0
1273.77 821.602 0
1279.3 820.982 0
1284.68 820.237 0
1290.9 819.245 0
1296.54 818.28 0
1301.25 817.463 0
1306.8 816.5 0
1312.68 815.436 0
1318.55 814.276 0
1323.95 813.078 0
1329.5 811.676 0
1335.38 809.945 0
1340.81 808.086 0
1346.61 805.785 0
1351.27 803.736 0
1356.56 801.258 0
1362.28 798.458 0
1367.61 795.798 0
1372.88 793.148 0
1377.62 790.763 0
1382.52 788.314 0
1387.76 785.73 0
1392.77 783.307 0
1398.3 780.693 0
1402.84 778.613 0
1408.24 776.214 0
1413.58 773.909 0
1419.17 771.532 0
1424.27 769.369 0
1429.2 767.256 0
1434.02 765.175 0
1439.64 762.743 0
1445.46 760.225 0
1450.94 757.869 0
1456.18 755.637 0
1461.93 753.219 0
1467.37 750.965 0
1472.93 748.718 0
1478.41 746.604 0
1483.51 744.78 0
1489 743.013 0
1494.28 741.507 0
1499.92 740.038 0
1506.27 738.454 0
1512.05 736.992 0
1517.71 735.467 0
1523.63 733.702 0
1529.4 731.756 0
1534.41 729.869 0
1539.75 727.743 0
1545.86 725.305 0
1552.16 722.941 0
1557.96 720.98 0
1563.52 719.294 0
1569.04 717.809 0
1575.56 716.286 0
1581.88 714.969 0
1587.44 713.865 0
1592.64 712.818 0
1598.42 711.617 0
1605.13 710.229 0
1611.5 708.987 0
1617.1 707.988 0
1623.08 706.957 0
1629 705.885 0
1635.39 704.576 0
1640.84 703.4 0
1646.15 702.398 0
1651.42 701.721 0
1657.34 701.543 0
1663.21 701.978 0
1669.79 703.051 0
1674.92 704.216 0
1680.18 705.643 0
1685.49 707.285 0
1691.29 709.28 0
1697.04 711.43 0
1702.8 713.757 0
1708.46 716.277 0
1713.65 718.842 0
1718.38 721.426 0
1723.74 724.597 0
1729.7 728.318 0
1735.65 732.091 0
1741.36 735.646 0
1746.98 738.997 0
1753.06 742.406 0
1758.43 745.152 0
1763.77 747.633 0
1769.13 749.924 0
1774.98 752.266 0
1780.68 754.467 0
1786.27 756.634 0
1791.28 758.658 0
1796.36 760.862 0
1801.47 763.301 0
1806.61 765.985 0
1812.27 769.156 0
1817.79 772.424 0
1823.22 775.742 0
1828.57 779.082 0
1834.32 782.716 0
1839.92 786.261 0
1845.35 789.667 0
1851.2 793.299 0
1856.3 796.419 0
1861.87 799.768 0
1867.77 803.252 0
1873.46 806.562 0
1879.39 809.969 0
1884.57 812.917 0
1890.21 816.093 0
1896.08 819.299 0
1901.2 821.975 0
1906.24 824.471 0
1911.43 826.862 0
1915.97 828.783 0
1921.56 830.897 0
1927.01 832.663 0
1932.76 834.187 0
1938.42 835.323 0
1944.32 836.106 0
1951.05 836.521 0
1957.15 836.614 0
1963.46 836.614 0
1969.25 836.676 0
1975.23 836.839 0
1980.87 837.063 0
1986.84 837.353 0
1992.57 837.642 0
1998.61 837.875 0
2004.51 837.94 0
2010.2 837.773 0
2015.72 837.381 0
2020.77 836.841 0
2026.82 835.993 0
2032.61 834.999 0
2038.21 833.887 0
2043.48 832.727 0
2048.71 831.48 0
2054.55 829.996 0
2060.06 828.535 0
2065.62 827.024 0
2071.22 825.49 0
2076.87 823.962 0
2082.88 822.388 0
2089.32 820.801 0
2096.42 819.192 0
2103.49 817.595 0
2109.73 816.05 0
2115.2 814.505 0
2120.1 812.956 0
2125.95 810.918 0
2131.33 808.876 0
2136.86 806.63 0
2142.01 804.458 0
2146.49 802.551 0
2150.88 800.705 0
2155.71 798.736 0
2160.16 796.972 0
2164.84 795.144 0
2169.6 793.283 0
2174.29 791.42 0
2179.58 789.264 0
2185.33 786.853 0
2190.23 784.732 0
2195.25 782.498 0
2200.31 780.179 0
2205.69 777.635 0
2210.79 775.14 0
2215.97 772.521 0
2220.94 769.925 0
2226.27 767.044 0
2231.87 763.907 0
2237.42 760.688 0
2242.69 757.545 0
2248.26 754.159 0
2254.08 750.594 0
2260.35 746.761 0
2265.89 743.367 0
2270.91 740.261 0
2276.62 736.644 0
2282.28 732.938 0
2289.3 728.121 0
2295.71 723.472 0
2301.96 718.669 0
2306.97 714.752 0
2311.92 710.996 0
2318.3 706.568 0
2325.02 702.645 0
2331.68 699.5 0
2337.53 697.275 0
2342.14 695.834 0
2347.69 694.352 0
2353.27 692.966 0
2359.01 691.46 0
2364.4 689.829 0
2370.55 687.783 0
2376.04 685.941 0
2381.79 684.151 0
2388.04 682.537 0
2394.88 681.404 0
2399.26 681.14 0
2404.9 681.444 0
2409.64 682.182 0
2414.28 683.172 0
2420.1 684.569 0
2425.15 685.714 0
2431.5 686.973 0
2437.67 688.04 0
2443.34 688.919 0
2448.48 689.658 0
2452.6 690.215 0
2458.07 690.906 0
2464.39 691.641 0
2470.55 692.313 0
2475.78 692.91 0
2481.13 693.605 0
2485.76 694.318 0
2492.98 695.749 0
2498.84 697.31 0
2504.23 699.166 0
2509.39 701.375 0
2514.16 703.7 0
2517.25 705.293 0
2521.14 707.327 0
2526.67 710.145 0
2533.63 713.391 0
2539.36 715.85 0
2545.15 718.203 0
2551.34 720.636 0
2556.57 722.733 0
2561.38 724.785 0
2566.84 727.374 0
2572.42 730.405 0
2577.18 733.312 0
2581.78 736.398 0
2586.63 739.947 0
2591.67 743.938 0
2596.91 748.33 0
2600.85 751.715 0
2604.76 755.076 0
2608.63 758.361 0
2612.94 761.903 0
2617.68 765.647 0
2622.14 769.049 0
2627.4 772.901 0
2632.75 776.68 0
2637.66 780.063 0
2641.76 782.889 0
2646.22 786.012 0
2650.97 789.465 0
2655.94 793.244 0
2660.57 796.88 0
2664.44 799.955 0
2669.22 803.743 0
2673.2 806.833 0
2677.56 810.142 0
2683.19 814.273 0
2688.25 817.859 0
2692.41 820.717 0
2696.89 823.702 0
2701.6 826.728 0
2705.97 829.435 0
2711.09 832.479 0
2715.26 834.85 0
2719.73 837.31 0
2723.91 839.583 0
2728.89 842.31 0
2734.44 845.47 0
2740.93 849.37 0
2745.03 851.887 0
2748.91 854.253 0
2753.13 856.767 0
2756.57 858.735 0
2762.04 861.7 0
2767.44 864.472 0
2772.23 866.838 0
2777.1 869.18 0
2782.06 871.548 0
2788.15 874.548 0
2792.32 876.731 0
2796.22 878.92 0
2800.47 881.485 0
2803.85 883.654 0
2807.66 886.21 0
2812.85 889.841 0
2817.48 893.193 0
2821.66 896.274 0
2826.51 899.954 0
2831.37 903.775 0
2836.23 907.764 0
2840 910.992 0
2843.51 914.076 0
2847.37 917.486 0
2851.01 920.655 0
2855.5 924.423 0
2859.51 927.574 0
2864.27 930.978 0
2867.99 933.409 0
2873.09 936.433 0
2878 939.055 0
2882.93 941.441 0
2886.21 942.9 0
2891.53 945.061 0
2897.23 947.106 0
2902.55 948.775 0
2907.12 949.994 0
2913.49 951.252 0
2919.86 951.837 0
2925.74 951.672 0
2931.37 950.971 0
2939.05 949.46 0
2948.86 947.336 0
2957.24 946.937 0
2962.19 948.088 0
2967.62 950.922 0
2975.21 957.069 0
2981.83 963.662 0
2980.96 962.76 0
2981.05 962.861 0
2982.07 963.914 0
2984.71 966.681 0
2987.95 970.069 0
2991.18 973.34 0
2996.23 978.067 0
3040.66 982.433 0
3036.84 983.472 0
3032.63 984.904 0
3029.15 986.625 0
3029.38 986.481 0
3030.89 985.662 0
3030.72 985.744 0
3029.38 986.481 0
3029.66 986.312 0
3029.9 986.173 0
3033.26 984.662 0
3039.06 982.847 0
3038.83 982.909 0
3038.71 982.942 0
3041.39 982.254 0
3050.36 980.338 0
3058.4 978.929 0
3065.12 977.891 0
3065.55 977.828 0
3076.25 976.365 0
3085 975.288 0
3085.74 975.202 0
3092.6 974.421 0
3097.92 973.844 0
3108.73 972.71 0
3109.96 972.583 0
3124.53 971.063 0
3140.71 969.234 0
3150.63 967.892 0
3161.75 965.473 0
3162.28 963.704 0
3160.74 963.128 0
3154.9 961.985 0
3148.48 961.15 0
3142.8 960.537 0
3130.22 959.363 0
3101.91 957.05 0
3073.65 954.63 0
3058.42 952.859 0
3052.23 951.562 0
3051.17 950.613 0
3052.46 949.917 0
3054.47 949.402 0
3061.56 948.291 0
3062.21 948.211 0
3077.47 946.687 0
3173.03 940.373 0
3241.26 935.011 0
3274.8 930.346 0
3289.03 926.178 0
3293.33 921.609 0
3293.9 916.734 0
3297.25 913.183 0
3303.7 909.821 0
3312.98 905.813 0
3321.76 901.322 0
3326.14 898.054 0
3330.33 894.091 0
3335.27 889.609 0
3341.67 884.741 0
3349.55 878.763 0
3355.38 873.592 0
3360.05 869.01 0
3363.36 865.681 0
3367.4 861.614 0
3371.04 857.828 0
3373.58 855.081 0
3378.2 849.736 0
3382.67 844.151 0
3385.7 840.094 0
3388.16 836.299 0
3389.93 832.69 0
3390.75 830.075 0
3391.27 827.325 0
3391.51 825.338 0
3391.74 823.044 0
3392.04 820.522 0
3392.53 817.831 0
3393.37 814.136 0
3394.12 810.579 0
3394.56 807.119 0
3394.67 803.73 0
3394.66 801.279 0
3394.71 797.727 0
3394.93 795.157 0
3395.48 791.505 0
3396.28 786.137 0
3396.4 782.246 0
3396.21 779.431 0
3395.87 776.486 0
3395.38 772.519 0
3395.03 768.724 0
3394.72 765.051 0
3394.17 760.526 0
3393.55 757.251 0
3392.42 753.002 0
3391.03 748.982 0
3389.84 746.077 0
3388.98 743.986 0
3387.08 737.687 0
3386.97 733.122 0
3387.93 726.894 0
3388.62 719.42 0
3387.8 713.999 0
3386.71 711.071 0
3384.53 706.981 0
3382.02 703.032 0
3381.46 702.18 0
3376.97 695.56 0
3373.88 691.782 0
3372.24 690.073 0
3369.84 687.85 0
3366.81 685.249 0
3363.59 682.367 0
3359.63 677.215 0
3359.36 670.369 0
3360.15 665.414 0
3359.6 658.674 0
3359.19 651.665 0
3359.83 643.363 0
3359.07 638.432 0
3357 632.71 0
3355.25 628.581 0
3353.18 623.427 0
3351.52 618.613 0
3349.89 612.934 0
3348.09 607.724 0
3345.51 602.853 0
3342.19 598.223 0
3339.4 594.896 0
3336.18 591.388 0
3332.72 587.746 0
3329.22 584 0
3325.9 580.174 0
3322.73 576.284 0
3318.42 571.187 0
3316.08 568.677 0
3313.3 565.74 0
3308.71 560.144 0
3306.34 554.934 0
3305.03 550.003 0
3302.4 544.078 0
3298.15 538.609 0
3294.23 534.675 0
3291.14 531.861 0
3287.56 528.658 0
3281.66 522.733 0
3278.43 518.466 0
3275.42 514.182 0
3271.83 509.883 0
3267.52 505.569 0
3263.34 501.236 0
3260.15 496.882 0
3257.84 492.51 0
3254.74 486.855 0
3250.62 481.519 0
3246.98 477.687 0
3244.1 474.947 0
3238.92 470.455 0
3234.78 467.238 0
3227.73 462.372 0
3224.29 460.174 0
3219.88 457.336 0
3215.11 454.026 0
3210.8 450.367 0
3207.44 446.446 0
3204.2 441.005 0
3201.04 434.431 0
3198.27 429.701 0
3194.36 424.971 0
3189.57 420.235 0
3186 416.843 0
3182.25 413.074 0
3177.41 407.664 0
3174.38 403.786 0
3170.27 398.263 0
3166.63 394.3 0
3161.31 390.087 0
3156.59 387.083 0
3152.89 384.953 0
3144.89 380.673 0
3141.69 379.018 0
3136.83 376.477 0
3131.09 373.283 0
3125.49 369.605 0
3121.02 365.568 0
3116.66 361.262 0
3112.46 358.191 0
3105.15 354.584 0
3098.67 352.018 0
3093.81 350.206 0
3086.68 347.515 0
3085.51 347.055 0
3078.3 343.904 0
3071.52 340.218 0
3064.61 336.134 0
3059.08 333.219 0
3051.02 329.696 0
3048.43 328.66 0
3042.84 326.503 0
3034.97 323.521 0
3025.88 319.93 0
3020.02 317.379 0
3016.32 315.592 0
3009.29 311.362 0
3003.59 305.331 0
2997.41 303.474 0
2992.16 300.674 0
2986.54 297.967 0
2979.58 295.179 0
2972.53 292.932 0
2966.94 291.478 0
2958.68 289.715 0
2951.51 288.41 0
2944.31 287.226 0
2937.07 286.257 0
2930.65 285.673 0
2924.8 285.441 0
2917.74 285.625 0
2909.66 286.347 0
2901.13 287.113 0
2890.8 287.066 0
2884.91 286.123 0
2878.88 284.346 0
2872.61 281.828 0
2866.06 278.704 0
2860.88 276.042 0
2855.01 273.002 0
2848.84 269.951 0
2842.35 266.977 0
2834.87 263.888 0
2829.04 261.764 0
2823.47 259.994 0
2816.67 258.192 0
2809.03 256.619 0
2802.16 255.547 0
2795.97 254.812 0
2788.72 254.176 0
2781.4 253.711 0
2773.39 253.304 0
2765.61 252.902 0
2758.66 252.447 0
2751.61 251.815 0
2743.08 250.808 0
2736.27 249.854 0
2728.63 248.666 0
2722.46 247.648 0
2716.66 246.664 0
2707.03 245.018 0
2697.33 243.412 0
2689.64 242.22 0
2683.37 241.329 0
2676.83 240.49 0
2669.39 239.661 0
2661.98 238.986 0
2653.96 238.44 0
2646.08 238.09 0
2639.04 237.905 0
2630.62 237.812 0
2624.42 237.809 0
2616.62 237.848 0
2609.57 237.86 0
2601.16 237.751 0
2593.73 237.46 0
2586.44 236.927 0
2579.64 236.22 0
2572.02 235.242 0
2563.81 234.033 0
2556.41 232.869 0
2549.61 231.804 0
2541.42 230.663 0
2534.15 229.9 0
2525.65 229.462 0
2517.34 229.58 0
2507.4 230.142 0
2498.71 230.682 0
2491.09 230.952 0
2483.05 230.871 0
2475.23 230.385 0
2467.2 229.431 0
2458.7 227.873 0
2450.52 225.974 0
2442.59 224.176 0
2435.81 223.005 0
2428.89 222.459 0
2419.56 223.097 0
2409.19 225.123 0
2399.67 227.412 0
2391.46 229.138 0
2382.85 230.371 0
2374.37 230.924 0
2366.24 230.773 0
2358.1 229.903 0
2350.21 228.541 0
2342.24 227.015 0
2333.78 225.654 0
2325.54 224.99 0
2318.37 225.043 0
2310.51 225.625 0
2300.7 226.867 0
2291.23 228.314 0
2282.39 229.605 0
2273.02 230.607 0
2264.6 230.928 0
2255.15 230.454 0
2246.67 229.535 0
2238.2 228.506 0
2229.74 227.704 0
2221.62 227.371 0
2213.45 227.476 0
2203.21 228.198 0
2193.82 229.396 0
2185.04 230.819 0
2175.75 232.344 0
2166.66 233.555 0
2156.49 234.296 0
2147.69 234.518 0
2138.83 234.548 0
2130.7 234.566 0
2121.51 234.712 0
2113.13 235.009 0
2104.19 235.54 0
2094.85 236.365 0
2086.59 237.202 0
2078.2 237.912 0
2068.17 238.241 0
2058.67 237.796 0
2048.97 236.969 0
2039.31 236.374 0
2030.36 236.539 0
2021.93 237.463 0
2013.04 239.038 0
2003.16 241.227 0
1993.24 243.549 0
1984.13 245.369 0
1974.93 246.448 0
1965.94 246.352 0
1956.28 244.919 0
1947.34 242.854 0
1937.59 240.395 0
1927.36 238.211 0
1918.66 236.916 0
1909.08 236.23 0
1899.45 236.468 0
1889.79 237.495 0
1880.2 238.785 0
1870 239.857 0
1860.01 240.183 0
1850.23 239.972 0
1840.55 239.52 0
1830.98 239.094 0
1821.42 238.875 0
1811.22 239.028 0
1801.26 239.723 0
1792.11 240.789 0
1782.91 241.981 0
1773.66 242.989 0
1763.08 243.582 0
1753.48 243.633 0
1743.96 243.366 0
1734.41 242.917 0
1724.96 242.442 0
1714.87 242.085 0
1705.1 242.067 0
1694.67 242.486 0
1685.27 243.074 0
1675.9 243.659 0
1665.14 244.112 0
1654.97 244.291 0
1644.94 244.269 0
1635.01 244.094 0
1625.25 243.861 0
1615.62 243.693 0
1604.89 243.721 0
1594.57 243.959 0
1584.53 244.166 0
1574.71 244.117 0
1564.89 243.714 0
1555.06 243.217 0
1545.55 242.959 0
1534.98 243.248 0
1524.12 244.062 0
1513.71 244.991 0
1503.82 245.715 0
1492.4 246.299 0
1483.1 246.69 0
1473.18 247.137 0
1463.46 247.621 0
1453.47 248.062 0
1443.46 248.333 0
1433.03 248.354 0
1422.29 248.154 0
1411.06 247.803 0
1400.66 247.414 0
1390.6 246.971 0
1380.5 246.434 0
1369.36 245.727 0
1358.1 245.018 0
1348.37 244.553 0
1338.18 244.34 0
1327.93 244.468 0
1316.69 245.036 0
1306.06 245.992 0
1296.15 247.044 0
1287.11 247.861 0
1277.41 248.299 0
1267.23 248.168 0
1256.32 247.641 0
1245.91 247.081 0
1235.2 246.727 0
1225.34 246.741 0
1214.64 247.263 0
1203.5 248.406 0
1193.35 249.656 0
1184.79 250.584 0
1173.75 251.266 0
1163.25 251.305 0
1152.51 250.784 0
1141.13 249.705 0
1131.03 248.582 0
1121.05 247.692 0
1111.18 247.359 0
1100.41 247.651 0
1089.48 248.348 0
1080.36 249.004 0
1070.5 249.596 0
1059.21 249.947 0
1048.43 249.777 0
1037.6 249.169 0
1027.28 248.694 0
1016.12 248.928 0
1006.57 250 0
996.553 251.604 0
987.468 253.074 0
977.155 254.32 0
965.948 254.971 0
955.413 254.87 0
944.676 254.05 0
933.189 252.777 0
923.03 251.841 0
913.203 251.529 0
902.969 251.767 0
893.725 252.161 0
883.946 252.435 0
873.771 252.396 0
862.656 252.14 0
852.138 251.889 0
843.359 251.8 0
833.919 251.929 0
823.999 252.42 0
814.313 253.329 0
805.59 254.374 0
796.836 255.397 0
788.758 256.12 0
779.07 256.533 0
769.608 256.618 0
759.68 256.637 0
750.045 256.835 0
741.988 257.195 0
732.467 257.795 0
723.254 258.493 0
713.911 259.254 0
705.466 259.929 0
696.924 260.543 0
689.705 260.965 0
680.666 261.345 0
673.097 261.583 0
663.165 261.875 0
653.541 262.236 0
644.144 262.774 0
636.969 263.384 0
628.739 264.375 0
620.367 265.774 0
612.709 267.343 0
606.629 268.669 0
600.032 270.08 0
592.242 271.558 0
582.747 272.892 0
574.705 273.617 0
566.478 274.019 0
557.497 274.111 0
549.447 273.944 0
541.843 273.653 0
533.076 273.261 0
522.561 272.872 0
514.035 272.694 0
506.966 272.624 0
500.346 272.607 0
491.034 272.638 0
482.509 272.686 0
474.557 272.704 0
466.108 272.65 0
458.511 272.499 0
449.691 272.21 0
441.836 271.938 0
434.994 271.763 0
426.712 271.714 0
419.266 271.883 0
410.532 272.349 0
403.387 272.944 0
397.406 273.589 0
390.703 274.468 0
382.503 275.703 0
375.768 276.773 0
369.746 277.712 0
363.015 278.682 0
356.138 279.528 0
348.412 280.279 0
342.661 280.7 0
335.748 281.044 0
331.208 281.173 0
322.935 281.212 0
316.187 281.091 0
308.316 280.837 0
301.465 280.565 0
294.131 280.275 0
286.448 280.017 0
279.121 279.84 0
272.666 279.761 0
265.187 279.782 0
259.06 279.9 0
252.257 280.091 0
245.123 280.271 0
240.322 280.334 0
232.966 280.262 0
228.63 280.089 0
222.066 279.628 0
213.862 278.75 0
205.67 277.592 0