501.872 730.181 0
506.109 729.68 0
511.781 729.421 0
516.469 729.389 0
521.033 729.361 0
525.981 729.217 0
529.864 729.004 0
533.642 728.706 0
537.154 728.344 0
540.662 727.894 0
545.131 727.193 0
549.337 726.433 0
552.689 725.796 0
556.565 725.062 0
559.499 724.535 0
564.394 723.763 0
569.397 723.166 0
576.258 722.627 0
580.748 722.408 0
586.104 722.244 0
590.312 722.162 0
594.815 722.101 0
599.689 722.044 0
603.395 721.993 0
609.925 721.854 0
615.487 721.635 0
620.974 721.252 0
625.293 720.784 0
629.876 720.083 0
633.537 719.352 0
638.484 718.194 0
644.151 716.79 0
648.123 715.865 0
651.839 715.117 0
655.499 714.538 0
660.223 714.001 0
664.495 713.658 0
670.151 713.314 0
676.317 712.94 0
681.649 712.485 0
687.466 711.703 0
693.042 710.532 0
697.565 709.186 0
700.124 708.258 0
702.131 707.469 0
707.924 705.042 0
712.51 703.155 0
717.207 701.469 0
720.313 700.587 0
723.038 699.985 0
728.154 699.241 0
733.917 698.907 0
740.144 699.001 0
745.637 699.344 0
752.222 699.891 0
756.417 700.217 0
760.284 700.442 0
763.986 700.547 0
766.574 700.552 0
769.981 700.503 0
775.036 700.395 0
779.116 700.357 0
783.54 700.452 0
788.766 700.847 0
794.073 701.547 0
798.347 702.283 0
802.955 703.203 0
807.758 704.254 0
812.168 705.267 0
817.401 706.509 0
823.711 708.042 0
828.699 709.262 0
833.282 710.377 0
839.125 711.812 0
843.788 712.987 0
849.139 714.394 0
854.984 716.028 0
860.185 717.59 0
865.911 719.45 0
871.521 721.438 0
877.531 723.768 0
883.336 726.182 0
888.988 728.635 0
895.011 731.304 0
901.287 734.079 0
907.274 736.653 0
912.074 738.621 0
916.496 740.325 0
922.086 742.303 0
927.082 743.938 0
933.08 745.797 0
938.372 747.399 0
944.088 749.149 0
949.622 750.917 0
953.639 752.273 0
957.93 753.815 0
962.9 755.75 0
968.358 758.062 0
974.65 760.914 0
981.002 763.923 0
986.059 766.362 0
991.073 768.772 0
996.594 771.363 0
1002.83 774.138 0
1008.28 776.369 0
1014.11 778.553 0
1019.67 780.481 0
1024.61 782.105 0
1030.47 783.958 0
1035.64 785.567 0
1040.7 787.155 0
1046.24 788.949 0
1051.55 790.766 0
1057.66 792.967 0
1063.85 795.273 0
1070.1 797.615 0
1076.87 800.099 0
1083.05 802.307 0
1088.55 804.22 0
1094.28 806.159 0
1100.28 808.13 0
1106.72 810.175 0
1112.76 812.03 0
1120.15 814.211 0
1126.88 816.118 0
1132.33 817.609 0
1137.51 818.985 0
1143.11 820.429 0
1148.86 821.878 0
1154.73 823.329 0
1160.34 824.705 0
1165.31 825.91 0
1171.06 827.258 0
1177.05 828.57 0
1183.07 829.744 0
1188.03 830.573 0
1193.75 831.357 0
1199.73 831.953 0
1205.89 832.304 0
1211.42 832.388 0
1217.27 832.263 0
1223.34 831.927 0
1229.58 831.391 0
1235.18 830.764 0
1241.55 829.899 0
1248.01 828.875 0
1253.79 827.852 0
1259.08 826.853 0
1264.76 825.742 0
1271.19 824.471 0
1277.23 823.29 0
1283.2 822.132 0
1288.91 821.032 0
1294.64 819.928 0
1300.65 818.76 0
1307.09 817.474 0
1313.62 816.108 0
1320.7 814.521 0
1326.5 813.088 0
1332.34 811.483 0
1338.44 809.585 0
1344.5 807.485 0
1349.83 805.522 0
1355.57 803.346 0
1360.9 801.319 0
1367.14 798.948 0
1372.84 796.734 0
1378.87 794.304 0
1384.43 791.944 0
1390.14 789.429 0
1395.07 787.222 0
1400.76 784.678 0
1406.09 782.326 0
1412.07 779.751 0
1417.72 777.371 0
1423.25 775.1 0
1429.17 772.728 0
1434.7 770.577 0
1440.45 768.419 0
1446.37 766.289 0
1452.09 764.316 0
1457.68 762.446 0
1463.99 760.363 0
1470.33 758.256 0
1476.38 756.222 0
1482.04 754.312 0
1488.09 752.289 0
1493.61 750.479 0
1499.07 748.714 0
1504.83 746.856 0
1511.11 744.802 0
1517.98 742.485 0
1524.28 740.251 0
1530.18 738.027 0
1536.29 735.546 0
1542.43 732.903 0
1548.86 730.106 0
1554.88 727.599 0
1561.23 725.187 0
1567.82 722.934 0
1574.09 720.982 0
1580.39 719.149 0
1586.46 717.496 0
1592.44 715.991 0
1598.37 714.649 0
1604.97 713.346 0
1611.76 712.146 0
1618.08 711.041 0
1624.58 709.807 0
1630.79 708.482 0
1637.22 706.976 0
1643.39 705.425 0
1649.8 703.729 0
1656.92 701.815 0
1663.59 700.076 0
1669.93 698.54 0
1677.02 696.977 0
1684.71 695.42 0
1691.81 694.073 0
1698.42 692.87 0
1705.25 691.667 0
1712.24 690.466 0
1719.84 689.208 0
1727.39 688.077 0
1734.92 687.144 0
1742.4 686.434 0
1749.37 685.923 0
1756.47 685.508 0
1763.66 685.132 0
1771.45 684.68 0
1778.62 684.131 0
1785.87 683.437 0
1793.19 682.729 0
1800.56 682.156 0
1807.92 681.813 0
1815.35 681.687 0
1822.78 681.758 0
1830.21 681.972 0
1837.63 682.222 0
1845.09 682.401 0
1852.56 682.47 0
1860.57 682.499 0
1868.43 682.572 0
1875.66 682.743 0
1882.96 683.067 0
1890.78 683.63 0
1898.5 684.367 0
1906.61 685.203 0
1915.16 686.01 0
1922.8 686.644 0
1930.48 687.22 0
1937.49 687.712 0
1945.15 688.245 0
1952.86 688.811 0
1960.3 689.404 0
1967.22 689.968 0
1974.93 690.564 0
1982.57 691.077 0
1990.05 691.475 0
1996.99 691.728 0
2004.74 691.863 0
2012.28 691.863 0
2019.94 691.757 0
2027.03 691.596 0
2034.22 691.423 0
2042.03 691.292 0
2049.75 691.258 0
2056.72 691.274 0
2064 691.294 0
2071.33 691.292 0
2078.71 691.295 0
2085.42 691.331 0
2093.23 691.429 0
2100.25 691.521 0
2106.68 691.562 0
2113.93 691.511 0
2121.98 691.31 0
2130.09 690.934 0
2138.05 690.405 0
2145.14 689.868 0
2152.04 689.357 0
2159.11 688.892 0
2166.31 688.471 0
2173.07 688.108 0
2180.04 687.752 0
2186.64 687.427 0
2193.73 687.082 0
2200.71 686.743 0
2207.56 686.402 0
2214.35 686.046 0
2221.61 685.638 0
2228.96 685.215 0
2235.84 684.845 0
2242.9 684.526 0
2249.04 684.309 0
2255.84 684.124 0
2262.59 683.989 0
2269.56 683.877 0
2275.59 683.767 0
2282.38 683.584 0
2289.15 683.305 0
2295.55 682.98 0
2302.05 682.642 0
2308 682.366 0
2314.72 682.104 0
2321.91 681.838 0
2328.78 681.551 0
2334.99 681.232 0
2340.19 680.918 0
2347.03 680.437 0
2353.1 679.944 0
2359.73 679.37 0
2365.55 678.885 0
2371.88 678.435 0
2378.38 678.101 0
2384.49 677.908 0
2390.84 677.824 0
2396.65 677.843 0
2402.78 677.959 0
2409.33 678.189 0
2415.28 678.492 0
2421.16 678.882 0
2427.52 679.441 0
2433.7 680.162 0
2439.74 681.078 0
2445.45 682.137 0
2451.54 683.411 0
2457.12 684.656 0
2461.79 685.713 0
2468.21 687.193 0
2473.22 688.415 0
2479.21 690.016 0
2485.24 691.848 0
2491.17 693.938 0
2497.14 696.416 0
2502.61 699.075 0
2506.76 701.371 0
2511.41 704.196 0
2514.95 706.454 0
2520.11 709.815 0
2526.45 713.875 0
2532.69 717.634 0
2537.89 720.632 0
2543.71 723.935 0
2549.03 726.97 0
2553.97 729.867 0
2559.16 733.039 0
2564 736.159 0
2569.11 739.667 0
2574.85 743.919 0
2578.66 746.898 0
2583 750.402 0
2588.17 754.685 0
2592.06 757.953 0
2596.38 761.583 0
2600.55 765.08 0
2605.58 769.269 0
2610.32 773.163 0
2614.32 776.396 0
2619.74 780.667 0
2623.71 783.721 0
2628.11 787.03 0
2632.82 790.477 0
2638.18 794.282 0
2642.18 797.07 0
2646.54 800.155 0
2651.67 803.967 0
2656.9 808.188 0
2661.19 812.019 0
2665.8 816.461 0
2669.63 820.37 0
2672.43 823.305 0
2675.41 826.495 0
2680.02 831.465 0
2684.31 836.099 0
2688.4 840.445 0
2691.83 844.014 0
2695.75 847.971 0
2699.55 851.632 0
2703.73 855.427 0
2708.18 859.213 0
2713.33 863.354 0
2717.5 866.619 0
2721.93 870.09 0
2726.06 873.391 0
2730.46 877.014 0
2735.06 880.869 0
2739.28 884.449 0
2743.72 888.204 0
2747.83 891.649 0
2753.18 896.014 0
2757.42 899.347 0
2762.34 903.008 0
2766.79 906.085 0
2771.89 909.278 0
2777.45 912.383 0
2782.8 915.058 0
2787.51 917.206 0
2793.82 919.847 0
2799.22 921.938 0
2804.94 924.007 0
2809.48 925.554 0
2815.14 927.39 0
2820.57 929.061 0
2826.77 930.867 0
2831.65 932.206 0
2837.02 933.607 0
2843.78 935.238 0
2849.45 936.469 0
2854.4 937.421 0
2860.36 938.4 0
2866.07 939.139 0
2871.57 939.652 0
2877.33 939.956 0
2883.91 939.997 0
2890.06 939.772 0
2897.03 939.277 0
2903.37 938.665 0
2909.35 937.966 0
2915.64 937.083 0
2921.58 936.09 0
2927.85 934.856 0
2934.26 933.404 0
2941.97 931.431 0
2949.55 929.273 0
2957.17 926.936 0
2963.98 924.762 0
2971.41 922.346 0
2978.82 919.904 0
2986.22 917.416 0
2994.1 914.715 0
3007.65 912.758 0
3017.73 910.068 0
3027.78 907.325 0
3032.21 906.089 0
3027.09 907.518 0
3026.11 907.787 0
3031 906.429 0
3039.92 903.871 0
3048.7 901.214 0
3057.09 898.482 0
3066.91 894.903 0
3074.8 891.493 0
3080.84 888.206 0
3086.35 884.203 0
3091.3 879.665 0
3094.86 876.353 0
3100.04 872.311 0
3106.18 868.551 0
3114.36 864.163 0
3120.48 860.967 0
3129.07 856.145 0
3135.49 851.795 0
3140.49 847.787 0
3145.7 843.176 0
3151.43 838.118 0
3158.05 832.718 0
3164.1 827.925 0
3169.48 823.572 0
3173.19 820.407 0
3177.69 816.365 0
3182.65 811.672 0
3187.05 807.376 0
3192.02 802.48 0
3196.43 798.027 0
3201.93 792.089 0
3206.16 786.864 0
3208.83 783.069 0
3211.14 779.406 0
3213.18 775.836 0
3215.49 771.407 0
3217.06 768.196 0
3218.6 764.945 0
3220.12 761.665 0
3222.08 757.42 0
3224.45 752.458 0
3226.66 747.91 0
3228.66 743.662 0
3230.81 738.669 0
3232.51 734.087 0
3234.38 727.85 0
3235.41 723.326 0
3236.16 719.072 0
3236.73 715.012 0
3237.44 710.097 0
3238.28 705.544 0
3239.64 700.246 0
3241.51 694.39 0
3242.97 690.149 0
3245.02 684.022 0
3246.86 677.521 0
3247.94 671.774 0
3248.36 666.573 0
3248.41 660.716 0
3248.35 655.424 0
3248.41 650.54 0
3248.59 644.88 0
3248.72 639.717 0
3248.73 633.827 0
3248.62 629.572 0
3248.39 624.328 0
3248.12 619.447 0
3247.85 614.828 0
3247.58 607.046 0
3247.77 599.159 0
3248.02 591.176 0
3247.3 581.949 0
3245.92 575.267 0
3244.17 569.283 0
3242.71 564.97 0
3240.18 557.185 0
3238.49 549.179 0
3238.09 542.197 0
3239.15 532.317 0
3240.17 522.713 0
3238.47 513.292 0
3236.68 506.485 0
3236.13 499.083 0
3235.18 489.952 0
3232.14 484.631 0
3227.23 479.545 0
3223.16 475.908 0
3217.6 470.765 0
3214.31 467.088 0
3209.57 459.285 0
3207.6 452.351 0
3206.62 443.395 0
3203.98 435.601 0
3199.88 429.988 0
3195.17 424.627 0
3190.86 419.446 0
3186.65 413.029 0
3183.08 407.052 0
3179.14 401.401 0
3173.25 394.592 0
3167.31 388.308 0
3163.13 383.81 0
3160.2 380.605 0
3154.11 374.132 0
3147.76 368.068 0
3140.98 362.301 0
3135.9 358.177 0
3130.48 353.815 0
3126.7 350.721 0
3120.4 345.658 0
3113.47 340.595 0
3099.88 332.583 0
3094.45 329.761 0
3099.05 332.149 0
3091.33 328.141 0
3080.97 322.352 0
3073.55 316.724 0
3068.75 311.204 0
3061.53 302.737 0
3055.68 298.164 0
3048.01 293.399 0
3047.36 293.03 0
3035.53 286.765 0
3029.57 283.809 0
3021.99 280.207 0
3012.72 276.122 0
3001.5 271.682 0
2992.62 268.53 0
2994.69 268.922 0
2984.02 265.807 0
2977.48 264.009 0
2970.87 262.248 0
2964.89 260.69 0
2957.12 258.695 0
2949.43 256.724 0
2943.32 255.153 0
2935.32 253.065 0
2927.45 250.969 0
2919.84 248.883 0
2913.09 247.019 0
2905.45 244.961 0
2898.67 243.237 0
2891.01 241.472 0
2883.39 239.958 0
2875.92 238.677 0
2867.65 237.446 0
2859.59 236.387 0
2851.7 235.438 0
2843.32 234.506 0
2835.88 233.731 0
2827.74 232.929 0
2819.85 232.18 0
2813.47 231.556 0
2806.79 230.836 0
2798.46 229.769 0
2791.12 228.602 0
2783.74 227.191 0
2775.7 225.459 0
2767.85 223.675 0
2760.1 221.925 0
2752.45 220.296 0
2744.85 218.829 0
2735.87 217.353 0
2728.01 216.341 0
2720.96 215.692 0
2713.1 215.232 0
2702.59 214.933 0
2693.61 214.852 0
2686.42 214.836 0
2678.49 214.848 0
2669.98 214.886 0
2661.76 214.941 0
2653.12 215.013 0
2645.45 215.112 0
2637.86 215.276 0
2628.93 215.596 0
2619.8 216.1 0
2611.15 216.666 0
2602.15 217.207 0
2594.2 217.534 0
2584.44 217.642 0
2575.22 217.566 0
2566.62 217.49 0
2557.55 217.563 0
2548.95 217.856 0
2540.69 218.325 0
2531.44 219.038 0
2520.8 220.047 0
2511.61 220.932 0
2502.4 221.623 0
2495.45 221.892 0
2485.82 221.786 0
2475.96 221.273 0
2466.3 220.654 0
2457.09 220.209 0
2448.41 220.045 0
2440.1 220.128 0
2431.39 220.468 0
2422.12 221.104 0
2413.19 221.85 0
2402.67 222.586 0
2393.03 222.828 0
2383.13 222.475 0
2373.26 221.678 0
2364.1 220.721 0
2354.09 219.64 0
2345.26 218.841 0
2335.48 218.349 0
2326 218.483 0
2316.45 219.283 0
2307.14 220.468 0
2297.74 221.8 0
2288.25 223.018 0
2278.04 224.009 0
2267.97 224.538 0
2257.33 224.49 0
2247.98 224.056 0
2238.53 223.612 0
2229.03 223.53 0
2219.48 224.094 0
2210.27 225.147 0
2199.66 226.728 0
2190.6 228.179 0
2180.43 229.641 0
2169.74 230.631 0
2158.67 230.665 0
2148.28 229.778 0
2139.04 228.655 0
2129.7 227.604 0
2120.29 226.96 0
2111.5 226.781 0
2102.27 227.016 0
2092.04 227.752 0
2082.22 228.746 0
2070.92 229.768 0
2060.3 230.131 0
2049.31 229.681 0
2038.89 228.749 0
2028.04 227.58 0
2018.22 226.609 0
2008.47 225.934 0
1998.94 225.735 0
1989.11 226.147 0
1978.69 227.025 0
1967.86 227.954 0
1957.39 228.428 0
1947.19 228.375 0
1936.64 227.898 0
1926.47 227.15 0
1915.72 226.274 0
1905.98 225.703 0
1895.65 225.646 0
1884.95 226.319 0
1875.12 227.325 0
1863.34 228.589 0
1852.93 229.434 0
1842.11 229.895 0
1831.72 229.844 0
1820.92 229.265 0
1810.49 228.56 0
1800.34 228.165 0
1789.72 228.44 0
1779.43 229.259 0
1769.4 230.27 0
1758.9 231.225 0
1748.05 231.851 0
1736.92 231.925 0
1726.18 231.291 0
1715.81 230.194 0
1705.77 229.11 0
1695.24 228.415 0
1685.04 228.342 0
1673.74 228.655 0
1662.97 229.002 0
1652.03 229.143 0
1640.76 228.968 0
1629.91 228.417 0
1618.81 227.464 0
1608.85 226.405 0
1597.73 225.156 0
1586.44 223.99 0
1574.87 223.098 0
1563.9 222.713 0
1553.55 222.816 0
1542.82 223.224 0
1533.14 223.683 0
1521.78 224.132 0
1510.79 224.331 0
1499.4 224.155 0
1487.47 223.495 0
1476.04 222.656 0
1465.2 221.951 0
1454.77 221.539 0
1444.01 221.389 0
1433.24 221.495 0
1423.29 221.779 0
1411.82 222.178 0
1400.68 222.464 0
1389.69 222.51 0
1378.23 222.328 0
1367.37 222 0
1356.3 221.592 0
1345.73 221.283 0
1334.87 221.222 0
1323.8 221.553 0
1313.24 222.136 0
1301.43 222.896 0
1291 223.493 0
1279.6 223.908 0
1268.44 223.925 0
1257.16 223.482 0
1246.45 222.9 0
1235.11 222.498 0
1224.52 222.602 0
1213.91 223.12 0
1203.04 223.933 0
1191.54 224.931 0
1180.26 225.837 0
1168.92 226.452 0
1157.09 226.625 0
1146.45 226.557 0
1135.77 226.529 0
1125.33 226.737 0
1115.27 227.18 0
1104.83 227.868 0
1094.11 228.78 0
1083.05 229.806 0
1072.02 230.732 0
1062.05 231.34 0
1051.69 231.692 0
1041.17 231.767 0
1030.4 231.561 0
1020.1 231.203 0
1009.5 230.87 0
998.76 230.775 0
989.619 230.941 0
979.232 231.3 0
967.997 231.743 0
957.366 232.103 0
946.533 232.393 0
937.445 232.576 0
927.136 232.716 0
917.803 232.785 0
907.304 232.802 0
897.859 232.77 0
887.256 232.737 0
877.095 232.803 0
867.27 233.046 0
856.382 233.559 0
846.686 234.175 0
836.558 234.916 0
827.394 235.639 0
817.656 236.512 0
808.14 237.537 0
798.786 238.768 0
790.957 239.915 0
781.504 241.264 0
771.57 242.425 0
762.009 243.117 0
751.91 243.476 0
741.403 243.627 0
732.079 243.724 0
722.88 243.869 0
713.137 244.118 0
703.635 244.496 0
695.708 244.926 0
686.13 245.531 0
676.117 246.179 0
667.208 246.697 0
658.324 247.172 0
649.458 247.704 0
639.167 248.53 0
630.716 249.456 0
621.539 250.632 0
613.914 251.637 0
605.977 252.606 0
598.641 253.358 0
588.618 254.157 0
580.401 254.644 0
570.554 255.063 0
562.48 255.313 0
554.218 255.55 0
545.821 255.843 0
536.7 256.304 0
528.303 256.897 0
519.809 257.605 0
513.382 258.174 0
504.814 258.924 0
497.098 259.535 0
489.108 260.022 0
480.008 260.292 0
472.545 260.204 0
463.819 259.697 0
455.713 258.941 0
446.498 257.921 0
438.032 256.994 0
428.864 256.158 0
421.387 255.678 0
413.573 255.436 0
405.793 255.518 0
397.751 255.965 0
389.52 256.687 0
383.728 257.275 0
376.531 258.01 0
370.168 258.589 0
361.562 259.214 0
354.168 259.624 0
346.417 259.947 0
338.406 260.19 0
333.076 260.307 0
324.181 260.425 0
318.616 260.447 0
312.826 260.425 0
307.487 260.365 0
298.552 260.171 0
288.623 259.801 0
282.785 259.497 0
275.747 259.039 0
269.314 258.526 0
260.148 257.693 0
250.648 256.821 0
243.675 256.255 0
236.85 255.816 0
230.133 255.496 0
223.496 255.249 0
216.299 255.012 0
209.93 254.789 0
205.878 254.623 0