500.267 715.966 0
508.192 715.528 0
513.908 715.296 0
522.23 715.072 0
532.376 714.964 0
539.753 714.989 0
545.087 715.06 0
553.039 715.269 0
562.869 715.809 0
569.988 716.479 0
571.054 716.6 0
571.801 716.688 0
576.373 717.268 0
579.657 717.72 0
582.002 718.055 0
583.684 718.3 0
588.907 719.066 0
596.681 720.179 0
594.241 719.835 0
592.411 719.574 0
591.026 719.374 0
594.036 719.806 0
612.079 722.172 0
625.211 723.588 0
638.65 724.898 0
652.261 726.291 0
662.152 727.496 0
669.309 728.55 0
678.303 730.187 0
684.821 731.634 0
685.682 731.839 0
690.101 732.927 0
689.449 732.763 0
696.55 734.571 0
701.688 735.874 0
705.375 736.779 0
708.023 737.412 0
717.433 739.545 0
720.509 740.206 0
733.861 742.927 0
747.218 745.876 0
749.564 746.472 0
754.916 747.922 0
758.772 749.031 0
765.182 750.952 0
773.443 753.484 0
775.787 754.196 0
781.064 755.762 0
781.232 755.81 0
788.562 757.826 0
797.44 759.896 0
810.931 762.3 0
824.237 764.161 0
833.873 765.386 0
847.773 767.195 0
854.389 768.101 0
862.607 769.27 0
868.541 770.163 0
883.012 772.76 0
890.13 774.366 0
891.843 774.787 0
899.807 776.906 0
905.553 778.587 0
909.695 779.87 0
912.652 780.816 0
918.098 782.608 0
925.335 785.05 0
930.551 786.824 0
937.596 789.238 0
942.67 791.013 0
946.308 792.315 0
952.178 794.489 0
956.408 796.108 0
962.687 798.537 0
967.203 800.265 0
970.433 801.473 0
975.971 803.453 0
983.157 805.828 0
994.699 809.179 0
999.888 810.501 0
1009.91 812.788 0
1017.15 814.281 0
1022.36 815.309 0
1029.22 816.683 0
1037.25 818.48 0
1043.04 820.005 0
1050.26 822.216 0
1052.38 822.92 0
1056.94 824.497 0
1060.19 825.665 0
1062.49 826.51 0
1067.15 828.25 0
1070.5 829.483 0
1072.88 830.33 0
1074.53 830.9 0
1075.67 831.279 0
1079.47 832.456 0
1079.13 832.358 0
1087.85 834.373 0
1094.15 835.09 0
1098.67 835.297 0
1107.81 835.204 0
1117.35 834.775 0
1124.23 834.414 0
1129.16 834.178 0
1138.51 833.847 0
1145.25 833.576 0
1152.98 833.02 0
1158.53 832.347 0
1165.36 831.153 0
1173.1 829.287 0
1181.49 826.625 0
1187.52 824.385 0
1191.83 822.692 0
1189.22 823.726 0
1181.49 826.623 0
1178.66 827.594 0
1182.21 826.368 0
1187.55 824.374 0
1196.96 820.641 0
1203.74 817.975 0
1208.62 816.152 0
1220.35 812.329 0
1226.1 810.847 0
1232.95 809.383 0
1240.58 807.98 0
1251.46 806.074 0
1259.31 804.628 0
1264.97 803.52 0
1269.01 802.683 0
1274.54 801.48 0
1281.14 799.99 0
1285.88 798.906 0
1297.11 796.369 0
1305.22 794.519 0
1313.63 792.492 0
1319.69 790.934 0
1326.58 789.074 0
1334.09 786.974 0
1339.48 785.43 0
1345.87 783.564 0
1350.45 782.201 0
1356.23 780.445 0
1362.87 778.382 0
1370.12 776.117 0
1375.32 774.524 0
1379.03 773.42 0
1384.14 771.961 0
1390.25 770.3 0
1397.07 768.535 0
1404.4 766.716 0
1412.08 764.841 0
1420 762.835 0
1425.7 761.284 0
1432.16 759.374 0
1439.17 757.136 0
1444.2 755.44 0
1450.14 753.351 0
1454.39 751.814 0
1459.76 749.846 0
1465.93 747.573 0
1472.67 745.124 0
1477.5 743.41 0
1483.26 741.424 0
1487.37 740.045 0
1494.86 737.631 0
1500.25 735.972 0
1506.37 734.133 0
1513.01 732.154 0
1517.77 730.722 0
1523.41 729.016 0
1527.43 727.807 0
1530.29 726.963 0
1534.53 725.744 0
1541.96 723.733 0
1549.5 721.869 0
1557.1 720.132 0
1562.56 718.95 0
1570.79 717.274 0
1574.56 716.564 0
1579.39 715.721 0
1582.83 715.172 0
1587.4 714.517 0
1592.79 713.845 0
1600.88 713.013 0
1608.79 712.364 0
1618.64 711.718 0
1627.81 711.216 0
1640.54 710.572 0
1653.77 709.87 0
1665.32 709.172 0
1675.66 708.472 0
1685.08 707.785 0
1691.87 707.288 0
1698.69 706.81 0
1705.53 706.367 0
1712.38 705.97 0
1719.22 705.629 0
1726.04 705.349 0
1730.93 705.188 0
1736.32 705.047 0
1742.06 704.942 0
1748.05 704.876 0
1754.21 704.843 0
1760.49 704.829 0
1768.7 704.816 0
1778.27 704.809 0
1786.99 704.84 0
1796.87 704.954 0
1803.99 705.1 0
1812.67 705.363 0
1820.69 705.678 0
1826.45 705.924 0
1832.32 706.176 0
1840.02 706.486 0
1845.54 706.686 0
1852.95 706.918 0
1859.99 707.09 0
1868.45 707.238 0
1876.22 707.323 0
1881.8 707.358 0
1887.47 707.374 0
1893.19 707.374 0
1900.61 707.351 0
1909.22 707.299 0
1917.06 707.229 0
1924.31 707.145 0
1929.51 707.076 0
1938.05 706.956 0
1945.79 706.853 0
1951.34 706.788 0
1958.47 706.706 0
1966.72 706.598 0
1977.3 706.414 0
1984.93 706.233 0
1991.95 706.021 0
1998.49 705.774 0
2006.22 705.403 0
2011.76 705.072 0
2018.72 704.572 0
2025.21 704.042 0
2031.33 703.512 0
2035.7 703.129 0
2040.29 702.734 0
2046.48 702.232 0
2052.36 701.809 0
2058.02 701.476 0
2069.22 701.051 0
2077.29 700.876 0
2084.5 700.762 0
2092.47 700.647 0
2100.98 700.507 0
2108.47 700.348 0
2115.22 700.172 0
2121.42 699.989 0
2128.56 699.758 0
2133.68 699.584 0
2140.02 699.37 0
2147.23 699.141 0
2156.35 698.892 0
2165.52 698.681 0
2170.81 698.572 0
2175.88 698.474 0
2179.49 698.41 0
2185.9 698.312 0
2191.76 698.249 0
2197.23 698.216 0
2203.65 698.207 0
2213.24 698.228 0
2222.61 698.259 0
2229.35 698.266 0
2237.84 698.237 0
2245.16 698.165 0
2252.8 698.074 0
2258.29 698.025 0
2264.58 698.007 0
2269.07 698.024 0
2274.62 698.076 0
2280.91 698.17 0
2286.58 698.281 0
2292.93 698.437 0
2299.78 698.654 0
2306.94 698.951 0
2314.34 699.343 0
2320.76 699.752 0
2325.35 700.08 0
2329.72 700.42 0
2337.23 701.058 0
2343.71 701.648 0
2351.59 702.391 0
2359.4 703.146 0
2366.07 703.842 0
2375.07 704.931 0
2381.53 705.854 0
2387.19 706.75 0
2392.26 707.612 0
2396.9 708.437 0
2402.25 709.427 0
2407.07 710.362 0
2413.54 711.686 0
2420.19 713.145 0
2427.93 715.008 0
2435.43 717.056 0
2441.77 719.035 0
2448.24 721.318 0
2454.78 723.833 0
2459.45 725.697 0
2464.68 727.806 0
2469.34 729.667 0
2474.53 731.691 0
2480.11 733.767 0
2486.87 736.1 0
2492.63 737.892 0
2499.48 739.857 0
2508.03 742.202 0
2515.06 744.182 0
2520.97 745.931 0
2527.86 748.094 0
2531.87 749.433 0
2537.34 751.359 0
2543.84 753.795 0
2551.06 756.672 0
2557.93 759.559 0
2563.67 762.079 0
2570.28 765.112 0
2575.83 767.772 0
2581.41 770.559 0
2587.87 773.91 0
2592.45 776.36 0
2598.95 779.93 0
2604.37 782.983 0
2609.03 785.647 0
2614.7 788.952 0
2620.3 792.277 0
2625.85 795.623 0
2631.35 798.999 0
2636.02 801.929 0
2640.85 805.024 0
2647.31 809.281 0
2651.92 812.402 0
2655.18 814.657 0
2659.71 817.852 0
2663.66 820.681 0
2667.93 823.794 0
2671.65 826.548 0
2675.74 829.606 0
2679.35 832.315 0
2683.33 835.311 0
2687.57 838.489 0
2692.01 841.784 0
2695.84 844.593 0
2700.68 848.082 0
2704.79 851 0
2709.8 854.486 0
2714.74 857.846 0
2718.23 860.167 0
2722.76 863.112 0
2727.32 866.012 0
2731.92 868.853 0
2737.19 872.02 0
2742.94 875.367 0
2747.69 878.05 0
2752.38 880.63 0
2757.02 883.118 0
2762.27 885.872 0
2767.29 888.433 0
2772.15 890.832 0
2777.51 893.379 0
2782.58 895.68 0
2787.45 897.778 0
2791.52 899.442 0
2797.52 901.733 0
2802.42 903.454 0
2808.36 905.347 0
2814.42 907.099 0
2819.37 908.43 0
2825.26 909.939 0
2831.83 911.568 0
2837.7 912.939 0
2843.04 914.069 0
2848.03 914.984 0
2853.31 915.772 0
2859.36 916.423 0
2864.83 916.765 0
2869.87 916.863 0
2875.17 916.734 0
2880.62 916.385 0
2887.27 915.741 0
2894.22 914.912 0
2901.36 913.993 0
2907.54 913.164 0
2913.56 912.337 0
2918.92 911.592 0
2925.35 910.677 0
2931.51 909.748 0
2936.95 908.856 0
2942.88 907.781 0
2948.63 906.615 0
2954.76 905.225 0
2960.62 903.734 0
2965.82 902.27 0
2971.01 900.681 0
2977.16 898.649 0
2983 896.578 0
2988.15 894.656 0
2993.71 892.497 0
2999.11 890.351 0
3005.63 888.438 0
3010.97 886.094 0
3016.21 883.727 0
3021.6 881.294 0
3027.81 878.551 0
3034.12 875.896 0
3040.67 873.247 0
3047.28 870.646 0
3054.06 868.013 0
3060.54 865.498 0
3066.74 863.074 0
3073.52 860.363 0
3079.69 857.808 0
3085.68 855.244 0
3091.48 852.672 0
3097.69 849.818 0
3103 847.302 0
3108.07 844.826 0
3114.1 841.798 0
3120.03 838.736 0
3126.51 835.27 0
3132.91 831.702 0
3139.84 827.637 0
3146.9 823.21 0
3153.83 818.493 0
3159.49 814.292 0
3164.61 810.152 0
3169.75 805.566 0
3174.36 801 0
3178.72 796.303 0
3182.85 791.666 0
3187.24 786.778 0
3192 781.724 0
3196.96 776.563 0
3202.21 770.9 0
3206.53 765.752 0
3210.47 760.397 0
3214.19 754.761 0
3217.61 749.214 0
3221.06 743.472 0
3224.38 737.836 0
3227.52 732.343 0
3230.67 726.639 0
3233.54 721.1 0
3236.19 715.358 0
3238.46 709.449 0
3240.15 703.976 0
3241.58 698.366 0
3242.91 692.297 0
3244.09 686.327 0
3245.2 680.203 0
3246.32 673.729 0
3247.41 667.217 0
3248.53 660.467 0
3249.64 653.751 0
3250.64 647.348 0
3251.41 641.031 0
3251.88 634.27 0
3252.03 627.637 0
3252.05 620.647 0
3252.06 613.939 0
3251.97 607.172 0
3251.66 600.599 0
3251.07 593.833 0
3250.38 587.029 0
3249.78 580.05 0
3249.32 573.089 0
3248.94 566.851 0
3248.41 559.948 0
3247.42 553.271 0
3245.61 546.967 0
3242.31 539.88 0
3238.41 532.796 0
3234.85 525.568 0
3232.18 518.74 0
3229.99 512.517 0
3227.78 506.58 0
3225.24 500.454 0
3222.29 494.06 0
3219 487.541 0
3215.32 480.76 0
3211.26 473.557 0
3207.74 467.381 0
3204.07 461.116 0
3200.43 455.19 0
3196.15 448.651 0
3191.61 442.229 0
3186.42 435.439 0
3181.49 429.397 0
3175.88 422.602 0
3170.47 415.755 0
3165.9 409.681 0
3161.13 403.535 0
3155.35 396.884 0
3149.05 390.431 0
3142.54 384.074 0
3136.31 377.964 0
3130.41 372.16 0
3123.99 366.126 0
3117.61 360.615 0
3110.43 354.88 0
3102.41 348.703 0
3093.91 342.085 0
3085.85 335.823 0
3080.09 331.664 0
3072.01 326.484 0
3062.78 321.389 0
3055.68 317.77 0
3048.04 313.964 0
3039.53 309.665 0
3031.48 305.331 0
3023.7 300.957 0
3016.61 297.089 0
3008.38 293.022 0
2999.51 289.9 0
2992.36 286.865 0
2984.66 283.796 0
2979.06 281.724 0
2971.43 279.128 0
2965.88 277.396 0
2958.74 275.309 0
2951.96 273.436 0
2945.97 271.83 0
2938.96 269.962 0
2931.69 268.013 0
2924.21 265.988 0
2890.15 256.529 0
2867.22 250.656 0
2846.64 246.256 0
2830.34 243.085 0
2817.24 240.64 0
2805.74 238.573 0
2794.06 236.562 0
2784.22 234.977 0
2775.08 233.631 0
2767.08 232.583 0
2759.22 231.68 0
2751.43 230.909 0
2743.69 230.26 0
2735.96 229.725 0
2728.93 229.333 0
2721.67 229.011 0
2712.74 228.715 0
2703.28 228.496 0
2694.17 228.353 0
2684.51 228.254 0
2675.97 228.194 0
2665.87 228.138 0
2656.98 228.09 0
2646.56 228.038 0
2637.39 228.002 0
2629.12 227.982 0
2620.67 227.977 0
2612.92 227.988 0
2603.12 228.027 0
2593.45 228.095 0
2584.73 228.179 0
2574.96 228.291 0
2564.35 228.426 0
2556.69 228.525 0
2546.65 228.647 0
2536.67 228.747 0
2528.54 228.805 0
2518.97 228.845 0
2507.34 228.887 0
2497.01 228.956 0
2487.61 229.07 0
2479.86 229.183 0
2468.39 229.32 0
2458.11 229.354 0
2448.67 229.292 0
2437.79 229.175 0
2426.85 229.086 0
2416.85 229.098 0
2407.55 229.221 0
2397.65 229.498 0
2388.38 229.918 0
2381.7 230.303 0
2373.66 230.803 0
2364.59 231.339 0
2355.84 231.742 0
2346.19 231.993 0
2335.84 232.034 0
2322.63 231.761 0
2310.74 231.286 0
2298.62 230.899 0
2287.49 230.943 0
2278.26 231.4 0
2270.41 232.011 0
2262.36 232.757 0
2255.32 233.437 0
2247.83 234.121 0
2239.99 234.751 0
2229.35 235.399 0
2216.56 235.743 0
2204.73 235.646 0
2192.29 235.373 0
2183.3 235.232 0
2172.87 235.238 0
2164.02 235.393 0
2154.97 235.693 0
2145.75 236.146 0
2134.99 236.814 0
2124.46 237.534 0
2116.86 238.047 0
2107.22 238.642 0
2098.87 239.086 0
2088.58 239.522 0
2078.29 239.811 0
2069.42 239.93 0
2061.58 239.94 0
2050.04 239.795 0
2038.71 239.502 0
2025.99 239.24 0
2013.73 239.377 0
2003.34 239.967 0
1994.31 240.741 0
1986.25 241.532 0
1978.91 242.26 0
1970.49 243.034 0
1961.26 243.778 0
1951.4 244.427 0
1942.68 244.852 0
1931.5 245.21 0
1920.11 245.47 0
1910.24 245.71 0
1899.76 246.041 0
1888.81 246.408 0
1880.94 246.636 0
1871.87 246.812 0
1861.87 246.9 0
1849.39 246.942 0
1838.62 247.001 0
1829.08 247.101 0
1818.62 247.225 0
1809.29 247.313 0
1798.93 247.352 0
1787.77 247.333 0
1777.88 247.282 0
1767.01 247.215 0
1755.39 247.148 0
1741.23 247.102 0
1729.07 247.112 0
1718.36 247.159 0
1708.7 247.226 0
1697.8 247.321 0
1689.97 247.396 0
1678.33 247.504 0
1669.96 247.571 0
1657.82 247.638 0
1647.02 247.666 0
1635.09 247.663 0
1624.4 247.628 0
1612.47 247.545 0
1599.59 247.393 0
1588.16 247.21 0
1577.77 247.037 0
1565.91 246.877 0
1555.17 246.796 0
1545.24 246.775 0
1535.88 246.8 0
1526.93 246.86 0
1518.25 246.938 0
1507.47 247.033 0
1495.1 247.095 0
1486.21 247.081 0
1477.52 247.001 0
1461.81 246.645 0
1445.63 246.025 0
1431.54 245.515 0
1416.46 245.218 0
1405.61 245.076 0
1395.35 244.879 0
1385.5 244.562 0
1373.4 244.037 0
1357.02 243.236 0
1345.22 242.704 0
1334.16 242.313 0
1321 242.069 0
1308.89 242.084 0
1300.22 242.217 0
1288.69 242.525 0
1277.74 242.893 0
1267.18 243.205 0
1259.63 243.34 0
1251.53 243.356 0
1237.47 243.087 0
1224.56 242.598 0
1212.46 242.022 0
1200.95 241.465 0
1186.96 240.913 0
1174.02 240.599 0
1161.82 240.398 0
1150.13 240.202 0
1138.81 239.972 0
1127.73 239.731 0
1113.79 239.447 0
1103.77 239.284 0
1090.53 239.164 0
1081.04 239.167 0
1068.11 239.234 0
1055.7 239.203 0
1040.53 238.816 0
1026.41 238.162 0
1009.84 237.289 0
994.662 236.612 0
980.492 236.251 0
973.582 236.207 0
965.445 236.265 0
956.363 236.457 0
946.581 236.802 0
936.265 237.289 0
928.903 237.677 0
923.695 237.956 0
916.691 238.319 0
908.364 238.704 0
895.609 239.161 0
879.512 239.471 0
867.917 239.511 0
852.581 239.535 0
841.574 239.706 0
830.143 240.112 0
818.362 240.76 0
809.934 241.355 0
800.35 242.124 0
797.125 242.385 0
791.318 242.833 0
783.6 243.338 0
774.46 243.711 0
764.238 243.789 0
749.479 243.531 0
731.281 243.205 0
718.171 243.129 0
708.793 243.133 0
694.409 243.176 0
680.185 243.132 0
666.029 242.856 0
651.914 242.464 0
637.798 242.321 0
627.694 242.547 0
616.455 243.134 0
608.428 243.753 0
598.694 244.706 0
595.817 245.016 0
589.815 245.664 0
585.607 246.1 0
582.704 246.381 0
576.67 246.888 0
564.15 247.427 0
551.003 247.27 0
537.342 246.739 0
523.322 246.232 0
513.263 245.954 0
497.475 245.639 0
490.444 245.54 0
476.821 245.406 0
462.67 245.329 0
448.099 245.286 0
437.644 245.256 0
425.709 245.203 0
412.711 245.097 0
398.876 244.902 0
388.906 244.713 0
381.783 244.618 0
372.195 244.655 0
365.377 244.863 0
356.002 245.471 0
344.697 246.556 0
336.596 247.42 0
326.181 248.448 0
328.052 248.278 0
324.919 248.557 0
327.417 248.337 0
324.765 248.57 0
322.966 248.719 0
317.108 249.147 0
308.277 249.605 0
301.997 249.777 0
283.177 249.453 0
264.699 248.49 0
256.269 248.138 0
250.256 247.961 0
241.153 247.768 0
229.756 247.559 0
216.61 247.224 0
207.156 246.932 0